a;21265883950151;-2.1378632;2.0281067;8.800766
a;21265904091753;-2.0054932;1.7199554;8.759018
a;21265924233354;-1.7421875;1.782959;9.357315
a;21265944374956;-2.6615906;1.8621979;9.6931
a;21265964516558;-3.2337952;1.8604584;9.641434
a;21265984658159;-1.891449;1.804306;9.37468
a;21266004799761;-2.2980652;1.8077087;9.400986
a;21266024941362;-2.5728455;1.3186798;9.284149
a;21266045082964;-2.2278442;1.2883301;9.639999
a;21266065224565;-1.9664764;1.3421936;9.650879
a;21266085366167;-1.9832001;1.3894653;9.609985
a;21266105507768;-2.0652466;1.164505;9.509262
a;21266125649370;-2.0355225;1.0808563;9.5877075
a;21266145790972;-2.0116272;1.1653595;9.858124
a;21266165932573;-2.3384094;1.3027496;10.198029
a;21266186074175;-2.8120728;1.4396362;10.211288
a;21266206215776;-2.9524994;1.414154;9.8471985
a;21266226357378;-2.5439606;1.484436;9.782196
a;21266246498979;-2.3422089;1.626358;9.818665
a;21266266640581;-2.585495;1.5619812;9.722961
a;21266286782183;-3.0248566;1.7756653;9.788544
a;21266306923784;-3.802414;2.2920685;9.623993
a;21266327065386;-4.333359;3.0227203;9.550049
a;21266347206987;-4.7808685;3.2866974;10.093246
a;21266367348589;-5.117996;2.8599548;10.164398
a;21266387490190;-5.4552917;1.5000153;9.839859
a;21266407631792;-4.4820404;-2.024002;9.426712
a;21266427773393;-2.7758484;-3.314209;9.877258
a;21266447914995;-1.0205994;-4.0394287;10.354309
a;21266468056597;0.5128937;-7.597641;7.869034
a;21266488198198;2.3099976;-9.78215;5.332306
a;21266508339800;2.7726135;-8.094772;5.1978455
a;21266528481401;2.104599;-4.9320984;6.922333
a;21266548623003;2.0551453;-3.4027863;8.023743
a;21266568764604;2.5785065;-4.1503906;8.307251
a;21266588906206;3.1459198;-5.9115143;7.682007
a;21266609047808;2.216034;-6.4008026;6.959015
a;21266629189409;0.57632446;-3.8652344;7.92276
a;21266649331011;0.38090515;-2.3239288;8.794189
a;21266669472612;0.5157623;-2.4660797;8.85022
a;21266689614214;0.36982727;-2.7578583;9.071701
a;21266709755815;0.004837036;-3.050064;9.280945
a;21266729897417;-0.3218994;-3.3738708;9.266632
a;21266750039018;-0.5684662;-3.6496887;9.516296
a;21266770180620;-0.5160675;-4.479965;9.701706
a;21266790322222;-0.62409973;-5.2414703;9.558685
a;21266810463823;-0.822052;-5.4808655;8.95961
a;21266830605425;-0.6305084;-5.379486;8.769043
a;21266850747026;-0.42410278;-5.0239105;8.995041
a;21266870888628;-0.47042847;-4.0901184;9.629593
a;21266891030229;-0.49438477;-3.6601105;9.779022
a;21266911171831;-0.2862854;-4.7502747;8.79924
a;21266931313433;-0.43528748;-4.662018;8.773132
a;21266951455034;-0.10710144;-3.5852203;9.7165985
a;21266971596636;-0.030090332;-3.3705902;9.99408
a;21266991738237;-0.04508972;-3.554123;9.852417
a;21267011879839;-0.06535339;-3.675293;9.532684
a;21267032021440;-0.4018097;-3.915985;9.519455
a;21267052163042;-0.56088257;-3.8942566;9.847992
a;21267072304643;-0.5024872;-3.5343323;10.160339
a;21267092446245;-0.66430664;-3.3246765;10.261551
a;21267112587847;-0.88578796;-3.41922;9.837341
a;21267132729448;-1.0058746;-3.4257202;9.303299
a;21267152871050;-1.039154;-2.95253;9.677933
a;21267173012651;-1.0031128;-2.3376465;9.9691925
a;21267193154253;-0.99938965;-2.5801086;9.418915
a;21267213295854;-1.0112305;-3.153122;8.929474
a;21267233437456;-0.80911255;-3.3006897;8.865219
a;21267253579058;-0.6060028;-3.4282684;8.7921295
a;21267273720659;-0.51104736;-3.6397247;8.6575775
a;21267293862261;-0.41207886;-3.8066864;8.59819
a;21267314003862;-0.33944702;-3.886551;8.562393
a;21267334145464;-0.33976746;-4.2705383;8.676819
a;21267354287065;-0.109954834;-4.857666;8.811325
a;21267374428667;-0.006164551;-5.041336;8.939301
a;21267394570268;0.36257935;-5.1105804;8.845978
a;21267414711870;0.3012085;-5.297867;8.256546
a;21267434853472;0.2672882;-5.1461334;8.099335
a;21267454995073;0.09939575;-4.767227;8.097626
a;21267475136675;0.05644226;-4.5693817;7.9843597
a;21267495278276;-0.12756348;-3.8983002;7.9276886
a;21267515419878;-0.27153015;-3.0989227;7.641205
a;21267535561479;-0.6762848;-2.4582672;6.9962006
a;21267555703081;-0.99031067;-2.441986;6.687744
a;21267575844683;-1.6643829;-3.289383;7.1118164
a;21267595986284;-2.2786865;-3.1816711;6.7912292
a;21267616127886;-2.1723328;-2.979248;6.7473907
a;21267636269487;-2.7372894;-3.5210114;7.2319794
a;21267656411089;-3.692276;-4.927704;8.230804
a;21267676552690;-4.7024536;-5.2713013;8.101608
a;21267696694292;-5.385376;-5.1913757;7.164749
a;21267716835893;-5.8584747;-5.875305;6.58519
a;21267736977495;-6.3831787;-6.4700317;7.1262665
a;21267757119097;-7.0805206;-6.657181;8.286789
a;21267777260698;-7.249878;-6.5107117;9.00499
a;21267797402300;-7.1799164;-5.824585;8.295639
a;21267817543901;-7.2756805;-5.410385;7.395401
a;21267837685503;-7.469864;-5.248871;7.0807495
a;21267857827104;-7.2867737;-5.610779;7.6499634
a;21267877968706;-7.344101;-5.8177032;7.9122467
a;21267898110308;-7.3163147;-5.92305;7.3546143
a;21267918251909;-7.2328186;-5.864685;6.3150177
a;21267938393511;-7.1726685;-5.7136383;6.0307007
a;21267958535112;-6.741379;-5.534683;6.152054
a;21267978676714;-6.2868347;-5.402008;6.0147705
a;21267998818315;-6.139923;-5.294235;5.8587036
a;21268018959917;-5.99646;-5.2487946;5.6357727
a;21268039101518;-5.82576;-5.149933;5.4254456
a;21268059243120;-5.5900726;-5.08873;5.180313
a;21268079384722;-5.4988556;-5.265579;4.922653
a;21268099526323;-5.6082153;-5.382309;4.7867737
a;21268119667925;-5.6852417;-5.641144;4.505722
a;21268139809526;-5.8740845;-6.094391;4.2635803
a;21268159951128;-6.4036713;-6.5437317;4.5836487
a;21268180092729;-6.9334717;-6.5309296;4.8772125
a;21268200234331;-7.3251343;-7.014282;4.6040955
a;21268220375933;-8.2382965;-6.6764984;4.795456
a;21268240517534;-8.750092;-6.954315;5.2645416
a;21268260659136;-8.688232;-7.040802;4.061676
a;21268280800737;-8.551758;-7.986252;4.567444
a;21268300942339;-8.022919;-7.0585785;5.5315247
a;21268321083940;-6.9587097;-5.134262;6.406143
a;21268341225542;-7.11882;-5.812973;5.3759613
a;21268361367143;-7.4761047;-5.3960876;4.3734283
a;21268381508745;-7.641205;-4.5236206;3.0376434
a;21268401650347;-5.362686;-5.119278;3.9657135
a;21268421791948;-5.4353485;-6.39476;6.0334167
a;21268441933550;-6.763626;-6.6892853;6.116867
a;21268462075151;-5.2901;-6.9151917;5.86438
a;21268482216753;-5.815506;-6.8880157;4.0427094
a;21268502358354;-5.903183;-7.2926483;3.3801422
a;21268522499956;-8.335785;-5.012726;2.7962494
a;21268542641558;-7.4552;-4.619934;2.3613129
a;21268562783159;-8.184113;-5.8727875;1.1150513
a;21268582924761;-8.026001;-6.1325073;1.753128
a;21268603066362;-7.8358154;-6.801193;2.1706085
a;21268623207964;-8.002472;-6.640335;2.9204865
a;21268643349565;-7.375778;-6.465744;3.9481964
a;21268663491167;-7.2739563;-6.0898743;4.2624817
a;21268683632768;-7.302414;-6.0587616;3.6736908
a;21268703774370;-7.2142487;-6.739853;2.962387
a;21268723915972;-7.7788086;-6.330841;3.4000397
a;21268744057573;-7.347397;-5.978958;4.78183
a;21268764199175;-7.4575806;-6.2117157;4.9336853
a;21268784340776;-7.421585;-6.0913544;4.6287537
a;21268804482378;-7.5091248;-5.650238;4.4676666
a;21268824623979;-7.6264496;-5.5265045;3.9160461
a;21268844765581;-7.6003113;-5.6534424;3.2284088
a;21268864907183;-7.495865;-5.6213837;2.6182861
a;21268885048784;-7.292267;-5.8453827;2.0874634
a;21268905190386;-7.4436035;-6.079956;1.7795563
a;21268925331987;-7.323303;-5.7793427;2.02005
a;21268945473589;-7.21167;-5.5330505;2.0536194
a;21268965615190;-7.116165;-5.7165985;2.003189
a;21268985756792;-7.0902405;-5.699051;1.9185028
a;21269005898393;-6.936096;-5.586334;1.9629822
a;21269026039995;-6.81633;-5.484329;2.1491852
a;21269046181597;-6.9174957;-5.165039;2.280014
a;21269066323198;-6.885956;-4.8204956;2.2340546
a;21269086464800;-6.6651917;-4.7928314;2.2612305
a;21269106606401;-6.942627;-4.7848816;2.3292542
a;21269126748003;-7.047592;-4.844818;2.5979462
a;21269146889604;-7.103256;-4.960434;2.543869
a;21269167031206;-7.2247925;-5.02977;2.3656616
a;21269187172808;-7.2624054;-5.139908;2.3339996
a;21269207314409;-7.681717;-5.071747;2.494522
a;21269227456011;-7.7884827;-4.7502747;2.6637726
a;21269247597612;-7.727951;-4.762787;2.6968231
a;21269267739214;-8.07164;-4.884018;2.645584
a;21269287880815;-8.449417;-5.3636627;2.5161285
a;21269308022417;-9.43103;-5.5406647;2.3365326
a;21269328164018;-10.257065;-5.6365356;2.773407
a;21269348305620;-11.025314;-5.7048798;3.2515411
a;21269368447222;-11.509201;-5.9061737;3.4429169
a;21269388588823;-11.60881;-5.8673706;3.6278534
a;21269408730425;-11.599731;-5.724518;3.6512299
a;21269428872026;-11.527435;-5.524933;3.4108276
a;21269449013628;-11.160278;-5.250046;3.09021
a;21269469155229;-10.671448;-4.9463806;2.9910126
a;21269489296831;-10.102463;-4.5056915;3.074997
a;21269509438433;-9.46167;-4.1202393;3.0978851
a;21269529580034;-8.9534;-3.9120178;3.134201
a;21269549721636;-8.539856;-3.7739105;3.260971
a;21269569863237;-8.204956;-3.7202606;3.2263641
a;21269590004839;-8.002701;-3.7627106;3.0957947
a;21269610146440;-7.921173;-3.7717896;3.0392609
a;21269630288042;-7.6976776;-3.7006683;3.154541
a;21269650429643;-7.4574127;-3.650406;3.1725922
a;21269670571245;-7.115494;-3.6495514;3.1166534
a;21269690712847;-6.886261;-3.687027;3.2562103
a;21269710854448;-6.9064484;-3.863327;3.3802185
a;21269730996050;-7.1019135;-4.0785675;3.4550629
a;21269751137651;-7.2725677;-4.320053;3.4983368
a;21269771279253;-7.575592;-4.534134;3.5915985
a;21269791420854;-7.8317413;-4.705963;3.7291107
a;21269811562456;-7.983902;-4.839096;3.7307281
a;21269831704058;-7.9484406;-4.9582977;3.6227264
a;21269851845659;-7.8780212;-5.089325;3.6297913
a;21269871987261;-7.851486;-5.092911;3.6964264
a;21269892128862;-7.7215576;-5.0292206;3.5850677
a;21269912270464;-7.4768066;-5.000656;3.4805298
a;21269932412065;-7.136383;-4.9412384;3.4460297
a;21269952553667;-6.6484833;-4.794647;3.5587158
a;21269972695268;-6.1560516;-4.498703;3.8762207
a;21269992836870;-5.662979;-4.2347717;3.8618622
a;21270012978472;-5.2218933;-4.213867;3.641571
a;21270033120073;-4.8035736;-4.2208405;3.5028687
a;21270053261675;-4.493408;-4.3309174;3.88414
a;21270073403276;-4.5691376;-4.47023;4.20282
a;21270093544878;-5.0892487;-4.793991;4.5399323
a;21270113686479;-6.1108856;-5.0046997;4.5410614
a;21270133828081;-7.511963;-5.075821;4.399231
a;21270153969683;-8.9770355;-5.211258;4.2784576
a;21270174111284;-10.099152;-5.1794434;3.8704987
a;21270194252886;-10.474075;-4.996109;3.3641205
a;21270214394487;-10.2842865;-4.579132;3.2785187
a;21270234536089;-9.672058;-4.215576;3.2851715
a;21270254677690;-9.215759;-3.9533386;3.1998596
a;21270274819292;-9.175293;-4.1536407;3.0381012
a;21270294960893;-9.262924;-4.2825165;3.0770264
a;21270315102495;-9.303024;-4.212982;3.1735535
a;21270335244097;-9.495422;-4.1327972;3.1042328
a;21270355385698;-9.728226;-4.0499573;2.992447
a;21270375527300;-10.231354;-4.275757;2.9271088
a;21270395668901;-10.889496;-4.3197937;3.2882233
a;21270415810503;-11.201767;-4.11467;3.4689484
a;21270435952104;-11.285782;-3.9270325;3.396759
a;21270456093706;-11.211578;-3.8719635;3.0938416
a;21270476235308;-10.914398;-3.9035645;2.933487
a;21270496376909;-10.396225;-3.7888794;2.8344116
a;21270516518511;-9.879166;-3.6964264;2.8946075
a;21270536660112;-9.390839;-3.7147217;2.878769
a;21270556801714;-9.087067;-3.779068;2.803131
a;21270576943315;-8.87709;-3.807785;2.6736603
a;21270597084917;-8.721542;-3.7792969;2.6536713
a;21270617226518;-8.8563385;-3.744873;2.7355194
a;21270637368120;-9.245071;-3.8756714;2.8478546
a;21270657509722;-9.594666;-3.8622742;2.916397
a;21270677651323;-9.720459;-3.913147;2.8747864
a;21270697792925;-9.787338;-3.9713287;2.960617
a;21270717934526;-9.690918;-4.0479126;3.0848389
a;21270738076128;-9.777176;-4.0563965;3.1548004
a;21270758217729;-9.881729;-4.027878;2.9769135
a;21270778359331;-9.922668;-3.9934998;2.7738953
a;21270798500933;-9.683365;-4.040756;2.8012848
a;21270818642534;-9.532455;-4.1201935;2.91745
a;21270838784136;-9.437195;-4.1773224;2.9981995
a;21270858925737;-9.701477;-4.272293;2.9121857
a;21270879067339;-9.41011;-4.2852173;2.9231567
a;21270899208940;-9.134979;-4.230896;3.006607
a;21270919350542;-8.867081;-4.2503967;3.0832062
a;21270939492143;-8.654739;-4.215271;3.322403
a;21270959633745;-8.592606;-4.1935883;3.4476624
a;21270979775347;-8.441879;-4.270767;3.2714539
a;21270999916948;-8.294998;-4.3450775;3.1273193
a;21271020058550;-7.9622803;-4.4370575;3.024704
a;21271040200151;-7.832199;-4.4750366;3.060379
a;21271060341753;-7.816635;-4.515625;3.1506195
a;21271080483354;-7.8597107;-4.5472717;3.2682343
a;21271100624956;-7.84404;-4.666458;3.2679749
a;21271120766558;-7.923691;-4.8213196;3.171753
a;21271140908159;-7.979187;-4.9709015;3.2224884
a;21271161049761;-8.095215;-4.976074;3.2977142
a;21271181191362;-8.175949;-5.056595;3.2993622
a;21271201332964;-8.186203;-5.080673;3.3196259
a;21271221474565;-8.18988;-5.2077637;3.369812
a;21271241616167;-8.407822;-5.2843323;3.4784088
a;21271261757768;-8.491653;-5.3283234;3.3694763
a;21271281899370;-8.549194;-5.450531;3.3411407
a;21271302033729;-8.567215;-5.4188538;3.3365479
a;21271322175330;-8.528351;-5.397354;3.3888245
a;21271342316932;-8.486862;-5.468689;3.3414917
a;21271362458533;-8.410141;-5.4746704;3.3544922
a;21271382600135;-8.263489;-5.462982;3.2763977
a;21271402741736;-8.3532715;-5.4756165;3.2636871
a;21271422883338;-8.361908;-5.4620667;3.2816315
a;21271443024940;-8.238419;-5.4003143;3.3960571
a;21271463166541;-8.1310425;-5.3740387;3.431244
a;21271483308143;-8.044601;-5.3644867;3.5417786
a;21271503449744;-7.9347076;-5.314102;3.6770172
a;21271523591346;-7.739929;-5.21138;3.5808563
a;21271543732947;-7.6374054;-5.1980286;3.6763
a;21271563874549;-7.5458527;-5.1877594;3.961731
a;21271584016150;-7.519806;-5.022415;4.215866
a;21271604157752;-7.5376434;-4.9759216;4.245682
a;21271624299354;-7.561447;-4.955124;4.2169647
a;21271644440955;-7.3573914;-4.9460754;4.2326508
a;21271664582557;-7.236847;-4.973343;4.3181763
a;21271684724158;-7.287445;-4.908188;4.351639
a;21271704865760;-7.3410797;-4.8723145;4.3471375
a;21271725007361;-7.357834;-4.685501;4.2183228
a;21271745148963;-7.3835754;-4.5160522;4.1496124
a;21271765290565;-7.3812256;-4.446701;4.120102
a;21271785432166;-7.3835297;-4.4816284;4.0437317
a;21271805573768;-7.3729706;-4.479767;4.133026
a;21271825715369;-7.423294;-4.42395;4.34639
a;21271845856971;-7.434952;-4.3150177;4.514267
a;21271865998572;-7.311737;-4.2215424;4.5383606
a;21271886140174;-7.1935577;-4.2532806;4.357712
a;21271906281775;-7.063736;-4.292221;4.264679
a;21271926423377;-6.94281;-4.2890778;4.256378
a;21271946564979;-6.889206;-4.292679;4.324539
a;21271966706580;-6.806366;-4.283325;4.408798
a;21271986848182;-6.8372803;-4.300522;4.460144
a;21272006989783;-6.9121246;-4.3575745;4.5595856
a;21272027131385;-6.995865;-4.428253;4.6200867
a;21272047272986;-6.9924774;-4.5783997;4.6762695
a;21272067414588;-7.1096954;-4.7523804;4.790695
a;21272087556190;-7.269455;-4.8787384;5.071945
a;21272107697791;-7.2992096;-4.7805176;5.2356873
a;21272127839393;-7.3027496;-4.755188;5.3155365
a;21272147980994;-7.2231903;-4.779785;5.322113
a;21272168122596;-7.04747;-4.7319794;5.267761
a;21272188264197;-6.8772583;-4.813858;5.2501984
a;21272208405799;-6.9206543;-4.842575;5.5978546
a;21272228547400;-7.053543;-4.8051605;6.058029
a;21272248689002;-7.1001434;-4.877945;6.301605
a;21272268830604;-7.1106415;-4.9236755;6.380768
a;21272288972205;-6.9483795;-4.847534;6.329071
a;21272309113807;-6.744995;-4.8183136;6.276169
a;21272329255408;-6.613449;-4.6723175;6.4500885
a;21272349397010;-6.3964233;-4.459244;6.572525
a;21272369538611;-6.293503;-4.309616;6.6734314
a;21272389680213;-6.355316;-4.4151917;6.7291565
a;21272409821815;-6.9715576;-4.2303925;6.765106
a;21272429963416;-7.384918;-3.5625153;6.6510925
a;21272450105018;-7.2269287;-3.645462;7.357086
a;21272470246619;-7.6002197;-3.5782623;8.106766
a;21272490388221;-7.345459;-3.4617767;8.630066
a;21272510529822;-7.0173798;-3.5455017;8.81781
a;21272530671424;-6.945053;-3.7261963;8.334076
a;21272550813025;-6.6418;-3.946991;8.270508
a;21272570954627;-6.373764;-3.9902344;8.538742
a;21272591096229;-6.3376007;-3.937378;8.709839
a;21272611237830;-6.169876;-3.6457977;8.599228
a;21272631379432;-5.799362;-3.6372528;8.297562
a;21272651521033;-5.38295;-3.4772797;8.186874
a;21272671662635;-4.879669;-2.9501038;8.834259
a;21272691804236;-4.7978516;-2.5293427;9.436859
a;21272711945838;-5.0231934;-2.248169;9.155991
a;21272732087440;-5.0051727;-1.9993896;8.851303
a;21272752229041;-4.965332;-1.8019714;8.598999
a;21272772370643;-4.826172;-1.3873749;8.517685
a;21272792512244;-4.6395264;-0.36540222;8.283844
a;21272812653846;-4.3534546;-0.33802795;7.839508
a;21272832795447;-4.4952545;-0.52685547;7.473633
a;21272852937049;-4.249481;-0.5613556;7.4473114
a;21272873078650;-3.88031;-0.73394775;7.360916
a;21272893220252;-3.4924164;-0.5536499;7.5207214
a;21272913361854;-3.2723694;-0.29933167;7.9578247
a;21272933503455;-3.4807587;-0.49209595;8.230316
a;21272953645057;-3.9585876;-0.7532196;8.297684
a;21272973786658;-3.7328339;-0.43841553;8.175537
a;21272993928260;-3.3601685;0.2658844;8.142517
a;21273014069861;-3.4192505;0.66090393;8.300903
a;21273034211463;-3.517746;0.75691223;8.410065
a;21273054353065;-3.3930206;0.85235596;8.326492
a;21273074494666;-3.2513885;1.0960999;8.450394
a;21273094636268;-2.8343658;1.4969177;7.043518
a;21273114777869;-3.842987;2.0379639;9.216675
