a;15796585132657;2.231079;-2.1960907;9.093124
a;15796605274258;2.2709656;-2.3016052;9.260269
a;15796625415860;2.305954;-2.4494019;9.380127
a;15796645557462;2.276413;-2.5621948;9.479706
a;15796665699063;2.4513702;-2.3816376;9.745468
a;15796685840665;2.437027;-2.3688354;9.428497
a;15796705982266;2.4082947;-1.9089661;9.27301
a;15796726123868;2.3956604;-2.3628845;8.8953705
a;15796746265469;2.3236847;-2.5811768;8.863754
a;15796766407071;2.2426147;-2.5400238;8.825485
a;15796786548673;2.124878;-2.4156494;8.721115
a;15796806690274;2.133072;-2.346115;8.64476
a;15796826831876;2.1102295;-2.292328;8.666
a;15796846973477;2.155136;-2.300232;8.629578
a;15796867115079;2.3555756;-2.3578033;8.870605
a;15796887256680;2.563507;-2.611786;9.2066345
a;15796907398282;2.6433716;-2.5391846;9.376389
a;15796927539883;2.6694336;-2.4141998;9.495758
a;15796947681485;2.786209;-2.4224396;9.68457
a;15796967823087;3.087738;-2.425888;10.077042
a;15796987964688;3.0985718;-2.4105988;10.755203
a;15797008106290;3.002716;-2.892334;11.1167755
a;15797028247891;2.5116425;-2.9887085;11.057449
a;15797048389493;1.771637;-2.6904602;10.728394
a;15797068531094;0.99635315;-2.977188;9.888077
a;15797088672696;0.31207275;-3.2457428;8.706131
a;15797108814298;-0.66130066;-3.9546661;8.850418
a;15797128955899;-1.2839355;-4.3730164;8.758408
a;15797149097501;-1.4234467;-4.4654846;7.9168243
a;15797169239102;-1.4948578;-4.814621;6.7693176
a;15797189380704;-1.6844025;-4.791977;6.32341
a;15797209522305;-1.7905273;-4.7382813;6.8127594
a;15797229663907;-1.7375488;-4.3864746;6.800522
a;15797249805508;-1.4629974;-4.207901;6.2661896
a;15797269947110;-1.2625427;-4.5063324;6.139084
a;15797290088712;-0.9042816;-4.651703;6.6683197
a;15797310230313;-0.44024658;-5.220581;6.7881317
a;15797330371915;0.0031738281;-6.5668945;6.752701
a;15797350513516;0.3252411;-7.1312256;6.694748
a;15797370655118;0.5814667;-6.906189;6.7421265
a;15797390796719;0.6072998;-6.972992;6.738968
a;15797410938321;0.68074036;-7.06987;7.1000977
a;15797431079923;0.73023987;-6.882721;7.455429
a;15797451221524;0.77871704;-6.9763184;7.4813232
a;15797471363126;0.6919708;-6.9377136;7.352524
a;15797491504727;0.66464233;-7.008255;7.424362
a;15797511646329;0.7685089;-7.0570526;7.5162506
a;15797531787930;0.7341919;-6.981964;7.4161987
a;15797551929532;0.72080994;-6.704941;7.2918396
a;15797572071133;0.6373596;-6.566269;7.209091
a;15797592212735;0.7425232;-6.6736145;7.281204
a;15797612354337;0.7875824;-6.6185455;7.329468
a;15797632495938;0.72109985;-6.5677643;7.116089
a;15797652637540;1.3183746;-6.3066406;7.5105133
a;15797672779141;1.7587738;-6.3666687;8.393066
a;15797692920743;1.6351318;-6.84935;8.527664
a;15797713062344;1.5020905;-7.0859222;8.220779
a;15797733203946;1.2605591;-6.6332855;7.688965
a;15797753345548;1.4002075;-6.3473663;7.7394104
a;15797773487149;1.1499786;-6.439438;7.5864105
a;15797793628751;1.0111694;-6.560196;7.384445
a;15797813770352;0.82276917;-6.3793945;7.047699
a;15797833911954;0.6165161;-6.47348;6.7792664
a;15797854053555;0.48597717;-6.635788;6.6439056
a;15797874195157;0.42575073;-6.6971436;6.6373596
a;15797894336758;0.26608276;-6.705261;6.4736176
a;15797914478360;0.08439636;-6.677414;6.4877014
a;15797934619962;0.14271545;-6.626526;6.69046
a;15797954761563;0.2484436;-6.5561523;6.8815155
a;15797974903165;0.41133118;-6.6701355;6.9390564
a;15797995044766;0.5157471;-6.3110504;7.011505
a;15798015186368;0.67930603;-5.7381287;6.8194427
a;15798035327969;1.0317688;-6.0047455;6.8312836
a;15798055469571;1.3027496;-6.0539856;8.171585
a;15798075611173;1.3669434;-6.384796;10.046631
a;15798095752774;1.3136444;-7.8042603;11.957169
a;15798115894376;1.0901337;-9.213257;13.675629
a;15798136035977;1.0424042;-9.427078;14.8077545
a;15798156177579;1.0205841;-10.464676;15.445602
a;15798176319180;1.0591888;-11.96347;14.942429
a;15798196460782;0.524292;-11.567657;13.312012
a;15798216602383;0.11395264;-10.807175;10.861557
a;15798236743985;0.020309448;-10.346161;8.515747
a;15798256885587;-0.13964844;-9.4947815;5.974457
a;15798277027188;-0.1412201;-8.103363;3.8686676
a;15798297168790;0.107437134;-5.520355;2.433899
a;15798317310391;0.53952026;-3.0978699;0.63482666
a;15798337451993;1.09375;-0.48706055;-3.7329712
a;15798357593594;-0.32369995;5.0699005;-10.318527
a;15798377735196;-0.15463257;17.511444;-16.662613
a;15798397876798;-1.0268555;9.992996;-7.3394623
a;15798418018399;-1.9567871;4.6027527;-7.2345276
a;15798438160001;-1.0421295;3.1228027;7.9719086
a;15798458301602;4.383194;-16.29898;18.785858
a;15798478443204;5.80336;-20.031967;18.785858
a;15798498584805;4.4845734;-20.031967;18.785858
a;15798518726407;4.261963;-19.29625;16.894516
a;15798538868008;6.383194;-5.223587;2.5769806
a;15798559009610;4.12735;6.915924;-15.8333435
a;15798579151212;-1.1638489;18.562637;-20.213547
a;15798599292813;-5.5362854;18.967438;-13.062759
a;15798619434415;-7.534683;18.43277;-2.3482666
a;15798639576016;2.5418549;9.5060425;3.3811646
a;15798659717618;15.611435;-14.727783;18.477844
a;15798679859219;12.007324;-20.031967;18.785858
a;15798700000821;3.6968842;-20.031967;18.785858
a;15798720142423;3.4783936;-17.527435;16.520508
a;15798740284024;4.2850037;-2.8834991;1.4588165
a;15798760425626;3.9004974;7.85524;-15.126022
a;15798780567227;1.3729095;18.639969;-20.213547
a;15798800708829;-3.6182861;18.967438;-8.342636
a;15798820850430;-3.1760712;17.720367;-1.0662842
a;15798840992032;9.789932;7.471649;2.870285
a;15798861133633;13.937759;-15.849014;17.480026
a;15798881275235;9.5082245;-20.031967;18.57611
a;15798901416837;4.639374;-20.031967;18.785858
a;15798921558438;2.8532562;-17.687332;15.526993
a;15798941700040;4.5407867;-1.2989197;4.3611298
a;15798961841641;2.5923462;10.709915;-11.131958
a;15798981983243;2.7624054;18.967438;-17.846863
a;15799002124844;-4.6053925;18.967438;-8.289139
a;15799022266446;-1.7975616;18.695435;-2.341217
a;15799042408048;8.7765045;8.921921;-1.2140808
a;15799062549649;17.144669;-12.023865;9.745773
a;15799082691251;5.9765625;-20.031967;15.26149
a;15799102832852;3.8816223;-20.031967;18.263733
a;15799122974454;1.9293671;-19.74855;17.427261
a;15799143116055;3.1412506;-8.201981;8.462387
a;15799163257657;2.894394;3.9421082;1.0416718
a;15799183399258;1.5092621;15.913895;-13.749817
a;15799203540860;-0.6231537;18.967438;-8.6427765
a;15799223682462;-6.330353;18.967438;-4.328705
a;15799243824063;0.013626099;15.047119;-5.9692535
a;15799263965665;9.505417;3.0615997;-2.165863
a;15799284107266;17.901215;-11.915115;3.8747559
a;15799304248868;9.599304;-20.031967;13.691727
a;15799324390469;6.6648254;-20.031967;13.5504
a;15799344532071;3.347229;-20.031967;12.871017
a;15799364673673;1.7293396;-19.579346;9.072983
a;15799384815274;0.26968384;-14.788147;6.71933
a;15799404956876;-0.91252136;-10.389725;4.8286896
a;15799425098477;-1.0131531;-7.3645782;2.945221
a;15799445240079;-0.8579407;-6.1964417;1.8606262
a;15799465381680;-0.057495117;-6.9818573;2.0718842
a;15799485523282;1.0960388;-9.866653;1.7772827
a;15799505664883;2.1040192;-10.846207;2.0607147
a;15799525806485;2.7550812;-9.387558;2.829544
a;15799545948087;3.5447693;-10.12764;2.9683838
a;15799566089688;4.5872498;-11.47728;3.329605
a;15799586231290;4.8897247;-10.561554;4.114319
a;15799606372891;5.3774414;-9.765167;4.388565
a;15799626514493;5.9589996;-10.154221;3.733139
a;15799646656094;6.302185;-10.229477;3.4122162
a;15799666797696;6.201645;-9.135132;3.596161
a;15799686939298;6.1314545;-7.581558;3.6411896
a;15799707080899;6.219223;-7.1980896;4.162964
a;15799727222501;6.6477966;-7.2962494;4.6324463
a;15799747364102;6.742676;-7.3412476;5.0809174
a;15799767505704;6.5138855;-6.225815;5.296631
a;15799787647305;6.2864075;-6.1414795;5.665222
a;15799807788907;6.081253;-5.7712708;5.907898
a;15799827930508;5.7042847;-4.986496;5.717804
a;15799848072110;5.340683;-4.8598633;5.688843
a;15799868213712;4.8097076;-4.6309814;6.5706177
a;15799888355313;4.440872;-4.822525;6.946167
a;15799908496915;4.5016327;-4.81073;6.528412
a;15799928638516;4.6549835;-4.6579742;6.612732
a;15799948780118;4.767029;-4.9840393;6.5750885
a;15799968921719;4.6185303;-5.1375427;6.7441254
a;15799989063321;4.583832;-5.042984;7.3362427
a;15800009204923;4.71669;-4.9774933;7.543869
a;15800029346524;4.8437195;-5.1798553;7.332321
a;15800049488126;4.8446503;-5.6321564;6.953018
a;15800069629727;4.597;-5.520645;7.121002
a;15800089771329;4.4986267;-5.374649;6.8117676
a;15800109912930;4.480942;-5.5250397;6.82399
a;15800130054532;4.5630035;-5.481476;6.853821
a;15800150196133;4.45195;-4.9424744;7.1420593
a;15800170337735;4.321213;-5.259842;7.249771
a;15800190479337;4.602539;-5.69191;6.6887817
a;15800210620938;4.3330536;-4.864853;6.6660614
a;15800230762540;4.9787903;-5.6307526;6.3135376
a;15800250904141;3.98497;-4.6006317;7.103073
a;15800271045743;4.7707977;-5.2556915;6.561157
a;15800291187344;5.306076;-4.081772;7.2592163
a;15800311328946;6.2661133;-4.1189423;6.9358063
a;15800331470548;5.9394836;-5.1860657;6.539032
a;15800351612149;5.6763153;-4.9096375;6.922409
a;15800371753751;5.472595;-4.3461304;7.389908
a;15800391895352;6.0101166;-4.243469;6.9369965
a;15800412036954;6.097122;-4.8229523;6.489029
a;15800432178555;6.036789;-5.807907;5.9071198
a;15800452320157;5.9729004;-6.660675;5.6440735
a;15800472461758;5.972;-6.9672394;5.6033325
a;15800492603360;5.9832153;-6.3571625;5.721466
a;15800512744962;5.9116516;-6.088562;6.006241
a;15800532886563;5.892517;-5.7737274;5.8085938
a;15800553028165;5.595337;-5.2983704;5.7879333
a;15800573169766;5.585846;-5.225525;5.569153
a;15800593311368;5.7882843;-5.6728363;5.5066833
a;15800613452969;5.7004395;-5.282318;5.709854
a;15800633594571;5.6353455;-4.6346436;5.8404694
a;15800653736173;5.6751404;-4.4507904;5.8305206
a;15800673877774;5.84256;-4.7218475;5.930084
a;15800694019376;5.971115;-4.9076843;6.1475983
a;15800714160977;5.9392242;-4.9205933;6.116989
a;15800734302579;5.7760315;-4.639038;6.083359
a;15800754444180;5.675644;-4.5763702;6.248184
a;15800774585782;5.5519257;-4.794449;6.3287354
a;15800794727383;5.549591;-4.9092865;6.401184
a;15800814868985;5.615265;-4.9066315;6.3404846
a;15800835010587;5.5690155;-4.7337494;6.2757416
a;15800855152188;5.6154327;-4.89563;6.2492065
a;15800875293790;5.6236877;-4.9086914;6.2966003
a;15800895435391;5.613846;-4.908371;6.3035736
a;15800915576993;5.6089478;-5.0309296;6.1780396
a;15800935718594;5.520584;-5.001358;6.1117096
a;15800955860196;5.4197235;-4.8920593;6.1232452
a;15800976001798;5.436569;-4.974884;6.0750732
a;15800996143399;5.4082947;-5.023529;5.974472
a;15801016285001;5.2075653;-4.937042;6.018341
a;15801036426602;5.244766;-4.8767395;6.224991
a;15801056568204;5.399002;-4.932602;6.304474
a;15801076709805;5.4826813;-4.975418;6.275467
a;15801096851407;5.435501;-5.035965;6.2332
a;15801116993008;5.460907;-5.195923;6.106781
a;15801137134610;5.580612;-5.20784;6.2750854
a;15801157276212;5.6761017;-5.0049896;6.480118
a;15801177417813;5.7012024;-5.037567;6.4855347
a;15801197559415;5.8956604;-5.357773;6.4571075
a;15801217701016;5.830536;-5.084717;6.480942
a;15801237842618;5.669693;-4.759369;6.548416
a;15801257984219;5.6507874;-4.6324615;6.618515
a;15801278125821;5.744766;-4.774475;6.6167603
a;15801298267423;5.8395844;-4.7248535;6.5919037
a;15801318409024;5.7905426;-4.6407776;6.556427
a;15801338550626;5.6792145;-4.6044617;6.660431
a;15801358692227;5.6324615;-4.5273438;6.723526
a;15801378833829;5.7229156;-4.5036926;6.717575
a;15801398975430;5.777481;-4.521332;6.6021576
a;15801419117032;5.8033752;-4.6910553;6.5325623
a;15801439258633;5.856018;-4.816391;6.571167
a;15801459400235;5.796814;-4.637085;6.5779114
a;15801479541837;5.7212067;-4.4337463;6.6216736
a;15801499683438;5.5727997;-4.3279877;6.6496124
a;15801519825040;5.5409546;-4.322342;6.6161346
a;15801539966641;5.607544;-4.3556824;6.5972595
a;15801560108243;5.4674225;-4.3089905;6.512146
a;15801580249844;5.2947845;-4.1411743;6.6257477
a;15801600391446;5.365204;-4.2062836;6.658783
a;15801620533048;5.6201935;-4.3226776;6.543503
a;15801640674649;5.7102814;-4.2852936;6.543396
a;15801660816251;5.639099;-4.309494;6.4592743
a;15801680957852;5.6787415;-4.5110016;6.309738
a;15801701099454;5.7936554;-4.6474;6.159424
a;15801721241055;5.925888;-4.7899323;6.2294617
a;15801741382657;6.175812;-4.956299;6.2490997
a;15801761524258;6.22229;-4.9098816;6.1315002
a;15801781665860;6.1851654;-4.675232;6.19664
a;15801801807462;6.150696;-4.453247;6.2966614
a;15801821949063;6.1958313;-4.417465;6.3798065
a;15801842090665;6.263809;-4.4877777;6.3543854
a;15801862232266;6.3068542;-4.442642;6.42511
a;15801882373868;6.2609863;-4.1960297;6.442047
a;15801902515469;6.126251;-3.8037262;6.5292664
a;15801922657071;6.10141;-3.6991577;6.536377
a;15801942798673;6.1073914;-3.936798;6.383621
a;15801962940274;6.0146637;-3.851181;6.4075623
a;15801983081876;5.9651184;-3.690506;6.453888
a;15802003223477;6.0605164;-3.7633057;6.4203796
a;15802023365079;6.1345215;-3.8433685;6.4548187
a;15802043506680;6.2503815;-4.0028687;6.408722
a;15802063648282;6.296173;-4.124878;6.320999
a;15802083789883;6.2277985;-4.171219;6.256485
a;15802103931485;6.186783;-4.046982;6.3399353
a;15802124073087;6.131119;-3.9207764;6.4015045
a;15802144214688;5.996582;-3.829193;6.456375
a;15802164356290;5.8237457;-3.7186584;6.4757385
a;15802184497891;5.8658752;-3.836563;6.581848
a;15802204639493;5.909546;-3.9906158;6.5147705
a;15802224781094;5.9302826;-3.8215637;6.5858917
a;15802244922696;5.9388885;-3.8061829;6.644928
a;15802265064298;6.030075;-3.9078064;6.607712
a;15802285205899;6.07045;-4.03981;6.545227
a;15802305347501;6.06514;-4.0549164;6.5921783
a;15802325489102;5.928772;-3.9704437;6.5990295
a;15802345630704;5.8627014;-3.987503;6.5564575
a;15802365772305;5.8483276;-3.9353333;6.599304
a;15802385913907;5.902481;-4.0274506;6.608597
a;15802406055508;6.017563;-4.306671;6.514099
a;15802426197110;6.062805;-4.498657;6.4617157
a;15802446338712;6.02153;-4.2923737;6.6243134
a;15802466480313;5.939911;-4.0914;6.604294
a;15802486621915;5.9333496;-3.751007;6.8286133
a;15802506763516;6.1887207;-3.7877045;7.021744
a;15802526905118;6.607025;-3.8184662;7.055649
a;15802547046719;6.5680237;-3.952179;6.970398
a;15802567188321;6.352066;-4.435013;6.930252
a;15802587329923;6.3313904;-3.7988281;7.070694
a;15802607471524;6.0470886;-2.8061676;8.216003
a;15802627613126;6.080078;-4.490616;7.5541687
a;15802647754727;5.724182;-4.7919464;7.4458313
a;15802667896329;5.394821;-4.5513306;7.7551727
a;15802688037930;5.273697;-4.0131073;8.172394
a;15802708179532;5.451172;-4.4720306;8.651962
a;15802728321133;5.801193;-5.5281525;9.28212
a;15802748462735;5.9897614;-6.899597;9.6514435
a;15802768604337;5.9979095;-7.7817993;9.791412
a;15802788745938;5.754593;-7.847824;9.957748
a;15802808887540;5.1587524;-8.457962;9.907959
a;15802829029141;4.989105;-9.523773;9.506607
a;15802849170743;4.615814;-10.017761;8.868744
a;15802869312344;3.909134;-9.262482;8.524811
a;15802889453946;3.2787933;-8.395645;8.169907
a;15802909595548;2.834259;-7.6512604;7.4002686
a;15802929737149;2.7709045;-7.136429;6.608673
a;15802949878751;2.7041473;-6.7574005;6.050949
a;15802970020352;2.177414;-6.0614166;6.041809
a;15802990161954;1.5336304;-5.6396637;6.233551
a;15803010303555;1.217392;-5.68309;6.105118
a;15803030445157;0.58406067;-5.416321;5.8927307
a;15803050586758;0.46185303;-4.861923;5.6950836
a;15803070728360;0.19789124;-4.703842;5.3215637
a;15803090869962;0.13598633;-4.648178;5.2986145
a;15803111011563;0.11154175;-4.9845123;5.3773193
a;15803131153165;0.17817688;-4.2622375;5.6532745
a;15803151294766;0.35420227;-3.8074646;5.4571533
a;15803171436368;0.528244;-3.747696;5.307434
a;15803191577969;0.94343567;-3.634079;5.4128265
a;15803211719571;1.4295807;-3.7634735;5.598297
a;15803231861173;1.8948212;-3.1160126;6.2696533
a;15803252002774;2.4490356;-2.9113312;6.8944244
a;15803272144376;2.8027954;-3.1135864;7.502548
a;15803292285977;2.9980164;-3.2373657;7.886963
a;15803312427579;3.0368195;-3.1037598;8.425934
a;15803332569180;3.1878815;-2.923874;8.902512
a;15803352710782;3.4207306;-2.5397186;8.983017
a;15803372852383;3.6732788;-2.494339;8.973679
a;15803392993985;4.1332397;-2.4461365;9.561035
a;15803413135587;4.2014923;-2.8571014;9.902679
a;15803433277188;3.0864716;-3.5447693;8.976212
a;15803453418790;2.4605713;-2.3930054;9.099197
a;15803473560391;2.176468;-2.7470856;8.718933
a;15803493701993;2.1132507;-3.048523;8.910309
a;15803513843594;2.4233856;-3.1002197;9.427887
a;15803533985196;3.1115875;-3.7561798;9.734238
a;15803554126798;3.2521973;-3.961731;9.721909
a;15803574268399;3.6065674;-3.6958313;9.345612
a;15803594410001;3.9688416;-4.3947906;9.137314
a;15803614551602;3.3855438;-5.361725;9.583145
a;15803634693204;3.176178;-6.1655426;9.88829
a;15803654834805;2.1535492;-5.8052063;9.319092
a;15803674976407;1.1634521;-5.0544434;8.224457
a;15803695118008;0.52479553;-5.0508423;7.3482056
a;15803715259610;0.25378418;-7.134674;6.9532013
a;15803735401212;0.6186218;-7.748596;7.346512
a;15803755542813;-0.18626404;-4.0588226;8.301437
a;15803775684415;-1.6346741;-1.4047394;8.754898
a;15803795826016;-2.3608093;-1.4014282;9.353073
a;15803815967618;-2.1837006;-3.144455;9.534103
a;15803836109219;-2.3950348;-3.688614;8.534988
a;15803856250821;-2.4840698;-3.0562744;7.4503784
a;15803876392423;-1.5815125;-1.9550629;7.087082
a;15803896534024;-0.69055176;-1.1894684;7.5804596
a;15803916675626;-0.7624359;-0.4657898;8.699432
a;15803936817227;-0.7730408;-1.5265198;9.286942
a;15803956958829;-0.11199951;-2.7100677;9.255875
a;15803977100430;0.0019378662;-2.800354;9.272903
a;15803997242032;0.025939941;-2.5355835;9.461655
a;15804017383633;0.21798706;-2.8095245;9.558746
a;15804037525235;0.21031189;-3.0959625;9.75209
a;15804057666837;0.05606079;-4.019867;9.730057
a;15804077808438;-0.12866211;-4.551239;9.651794
a;15804097950040;-0.30659485;-4.6765747;9.729691
a;15804118091641;-0.07180786;-4.3513794;9.671494
a;15804138233243;0.109054565;-4.0476074;9.565338
a;15804158374844;0.4627533;-3.7442932;9.420181
a;15804178516446;0.6877289;-3.6498108;9.006943
a;15804198658048;0.5555725;-3.075531;8.887955
a;15804218799649;0.33796692;-2.4457397;9.283188
a;15804238941251;-0.033615112;-2.1553802;9.211761
a;15804259082852;-0.29945374;-2.5574493;8.909012
a;15804279224454;-0.2525177;-2.9876862;8.761337
a;15804299366055;-0.34265137;-3.2920685;8.737839
a;15804319507657;-0.4974823;-3.1297455;8.801559
a;15804339649258;-0.7446594;-3.4190369;8.704376
a;15804359790860;-0.6737976;-3.8858185;8.576233
a;15804379932462;-0.7716675;-3.9515533;8.436966
a;15804400074063;-0.8080139;-3.2081757;8.5147705
a;15804420215665;-0.54060364;-3.348465;8.624023
a;15804440357266;-0.5187988;-3.8047638;8.571045
a;15804460498868;-0.75349426;-4.3117065;8.801468
a;15804480640469;-0.81121826;-4.7316437;8.660294
a;15804500782071;-0.92015076;-4.733734;8.431076
a;15804520923673;-0.79141235;-4.58963;8.142548
a;15804541065274;-0.22262573;-4.440796;8.422684
a;15804561206876;0.32641602;-4.2657776;8.77272
a;15804581348477;0.76153564;-4.1013336;9.134048
a;15804601490079;1.343399;-6.212906;9.138596
a;15804621631680;1.2911987;-7.8629303;9.097061
a;15804641773282;0.40220642;-7.6585693;9.9544525
a;15804661914883;-0.3981018;-6.3477325;10.017944
a;15804682056485;-1.0200958;-5.753586;9.59787
a;15804702198087;-1.7501984;-5.037674;9.4969635
a;15804722339688;-1.9204407;-4.515579;9.074875
a;15804742481290;-1.9087219;-4.4526825;8.383316
a;15804762622891;-1.628952;-4.078369;7.6318054
a;15804782764493;-1.2193451;-4.215378;7.2677765
a;15804802906094;-1.0410461;-3.0584412;7.8029175
a;15804823047696;-1.1214447;-2.2979279;8.356567
a;15804843189298;-0.9635925;-2.1432953;8.743683
a;15804863330899;-0.9539795;-2.2877045;8.786743
a;15804883472501;-0.77342224;-2.3812256;8.756149
a;15804903614102;-0.6461487;-2.8352966;8.581238
a;15804923755704;-0.4968872;-2.6375427;8.942413
a;15804943897305;-0.44537354;-2.7313995;9.190979
a;15804964038907;-0.41362;-3.1237793;9.197006
a;15804984180508;-0.45645142;-3.0160065;9.280258
a;15805004322110;-0.4854126;-3.2994537;9.159592
a;15805024463712;-0.44477844;-3.3472748;9.134018
a;15805044605313;-0.5775604;-3.3487854;9.25769
a;15805064746915;-0.40411377;-3.931427;9.152145
a;15805084888516;-0.08604431;-3.668045;9.939102
a;15805105030118;-0.07798767;-3.5623322;10.100128
a;15805125171719;-0.19688416;-3.7752838;9.48938
a;15805145313321;-0.36891174;-3.5595703;9.346802
a;15805165454923;-0.67118835;-3.4107666;9.290558
a;15805185596524;-1.0202637;-3.4125366;9.174866
a;15805205738126;-1.249466;-3.498886;8.981674
a;15805225879727;-1.2250824;-3.6501465;8.721649
a;15805246021329;-1.2619781;-3.519638;8.657867
a;15805266162930;-1.2556152;-3.2478333;8.528015
a;15805286304532;-1.0813141;-3.089386;8.467255
a;15805306446133;-0.86253357;-3.535202;8.436981
a;15805326587735;-0.7603302;-3.4173737;8.828659
a;15805346729337;-0.72839355;-3.169571;9.059555
a;15805366870938;-0.7148895;-3.4642792;8.831345
a;15805387012540;-0.80836487;-3.325409;8.792633
a;15805407154141;-0.933197;-3.2405548;8.692032
a;15805427295743;-0.9682007;-3.2306366;8.662689
a;15805447437344;-1.0303192;-2.9586334;8.764786
a;15805467578946;-0.9939575;-3.032898;8.619125
a;15805487720548;-0.93777466;-2.7757416;8.660065
a;15805507862149;-0.8115387;-2.5359344;8.919281
a;15805528003751;-0.64346313;-2.7644348;9.034225
a;15805548145352;-0.4177246;-2.776703;9.04541
a;15805568286954;-0.27401733;-2.570053;9.2556305
a;15805588428555;0.051651;-2.383728;9.40361
a;15805608570157;0.26493835;-2.0655823;9.563858
a;15805628711758;0.43138123;-1.9359283;9.6866
a;15805648853360;0.46655273;-1.7123413;9.915039
a;15805668994962;0.6873779;-1.6985931;10.003372
a;15805689136563;0.892746;-1.4971161;9.908569
a;15805709278165;0.891922;-1.2255249;9.931061
a;15805729419766;0.88656616;-1.1284027;9.926453
a;15805749561368;0.9941406;-1.1783447;9.93721
a;15805769702969;1.071518;-1.1597443;9.872467
a;15805789844571;1.1424866;-1.037857;9.872269
a;15805809986173;1.2175293;-0.86398315;9.915344
a;15805830127774;1.3135223;-0.869339;9.807236
a;15805850269376;1.3027344;-0.77064514;9.718048
a;15805870410977;1.3014832;-0.45483398;9.745071
a;15805890552579;1.2892761;-0.26333618;9.6848755
a;15805910694180;1.2870941;-0.20843506;9.555252
a;15805930835782;1.2041016;-0.13204956;9.4591675
a;15805950977383;1.1379089;-0.12513733;9.375488
a;15805971118985;1.0432587;0.12486267;9.29216
a;15805991260587;1.0322723;0.06692505;9.30719
a;15806011402188;1.0256042;0.04537964;9.322205
a;15806031543790;0.9315033;0.0872345;9.341431
a;15806051685391;0.9345093;-0.051742554;9.326218
a;15806071826993;0.9260864;-0.15859985;9.354996
a;15806091968594;0.84332275;-0.17671204;9.401459
a;15806112110196;0.8568115;-0.20532227;9.341827
a;15806132251798;0.89198303;-0.31526184;9.393478
a;15806152393399;0.8831482;-0.24484253;9.484253
a;15806172535001;0.8974762;-0.15985107;9.531082
a;15806192676602;0.9688721;-0.1306305;9.542633
a;15806212818204;0.953537;-9.3078613E-4;9.488037
a;15806232959805;1.2087097;-0.63845825;8.680771
