a;95163592568059;-0.59239197;1.0070648;9.76564
a;95163612709660;-1.1848145;-0.011566162;9.370163
a;95163632851262;-1.8716278;-0.7346649;9.39595
a;95163652992863;-2.9449615;0.8840027;9.786743
a;95163673134465;-0.7780304;3.1137543;10.290222
a;95163693276066;-0.28892517;2.422226;9.701157
a;95163713417668;-2.313095;1.5510864;9.694748
a;95163733559269;-1.8220978;1.3775024;9.800232
a;95163753700871;-1.6913452;1.7766418;10.100143
a;95163773842473;-2.3165283;1.8221436;10.055832
a;95163793984074;-1.9090729;1.5703125;9.790878
a;95163814125676;-1.3188782;1.2954102;9.870697
a;95163834267277;-1.1880646;0.9302368;10.270554
a;95163854408879;-1.2727661;0.7458801;10.808548
a;95163874550480;-1.7371826;0.5272217;11.102554
a;95163894692082;-1.5588531;-1.1082001;11.231445
a;95163914833684;-0.78157043;-2.7975922;10.548447
a;95163934975285;-0.45628357;-3.5181122;9.844498
a;95163955116887;-0.07145691;-3.7790527;9.732956
a;95163975258488;1.2174988;-4.3665314;9.389633
a;95163995400090;2.09169;-5.478653;7.9932404
a;95164015541691;1.0719452;-3.7623749;7.2214203
a;95164035683293;0.9080963;-0.9964447;9.569824
a;95164055824894;0.9012604;-1.3241425;9.428085
a;95164075966496;1.2233276;-0.98158264;8.463593
a;95164096108098;1.8129578;-0.4038391;9.210953
a;95164116249699;2.1216736;-2.7766724;9.562012
a;95164136391301;1.7584229;-3.9676208;10.859497
a;95164156532902;2.4882813;-4.256668;10.857025
a;95164176674504;4.238098;-6.0651703;8.255371
a;95164196816105;4.414215;-7.133667;6.6258087
a;95164216957707;3.453003;-7.0187073;6.057266
a;95164237099309;2.9917297;-5.288925;6.59317
a;95164257240910;2.735443;-3.5974426;7.37558
a;95164277382512;2.1162872;-2.7244415;8.320816
a;95164297524113;1.4795227;-2.0726776;9.162125
a;95164317665715;0.99417114;-0.93284607;9.650986
a;95164337807316;0.7134857;-1.7928467;9.884064
a;95164357948918;0.57481384;-3.0509338;9.708191
a;95164378090519;1.06427;-3.5851593;9.903854
a;95164398232121;1.3128815;-4.074417;9.887405
a;95164418373723;1.1468964;-4.7006073;9.939713
a;95164438515324;0.9749298;-5.0318756;9.484741
a;95164458656926;1.240509;-4.6764374;8.960983
a;95164478798527;1.7091675;-4.708847;9.167587
a;95164498940129;2.1266785;-4.8628387;9.607117
a;95164519081730;2.0038757;-4.0317383;9.437271
a;95164539223332;1.0923309;-2.625351;9.364456
a;95164559364934;1.1141357;-3.409668;8.967316
a;95164579506535;1.3648376;-4.6099243;9.126999
a;95164599648137;1.5054626;-5.2585907;9.45726
a;95164619789738;0.95835876;-3.6899414;10.575119
a;95164639931340;1.1281433;-2.5097504;10.554749
a;95164660072941;0.9759979;-2.4709167;9.072571
a;95164680214543;0.98973083;-1.8005371;8.558716
a;95164700356144;0.9821472;-0.98947144;8.628754
a;95164720497746;0.7737427;-0.667923;8.433792
a;95164740639348;0.5835266;-0.3665924;8.727478
a;95164760780949;0.012741089;-0.4671631;9.66246
a;95164780922551;-0.294281;-2.3463135;10.126083
a;95164801064152;-0.3280182;-3.930832;9.592499
a;95164821205754;0.22387695;-4.3232727;8.90416
a;95164841347355;0.67474365;-4.239273;8.294174
a;95164861488957;0.93937683;-4.005356;7.6859894
a;95164881630559;1.0204315;-4.012268;7.4546356
a;95164901772160;0.7854004;-3.9651337;8.030289
a;95164921913762;0.550766;-4.2044983;7.76915
a;95164942055363;1.002655;-5.05925;7.0303497
a;95164962196965;1.1777649;-6.1510468;7.1136475
a;95164982338566;0.70355225;-6.2120667;6.7278595
a;95165002480168;0.7302246;-6.9476166;6.35376
a;95165022621769;1.1977234;-6.9957123;6.734253
a;95165042763371;1.6304932;-6.975815;7.583542
a;95165062904973;1.4528503;-8.068558;8.64119
a;95165083046574;1.8629456;-8.957626;9.385681
a;95165103188176;2.4219666;-12.331543;9.638977
a;95165123329777;2.6540222;-15.651825;9.926163
a;95165143471379;2.9011078;-18.551437;9.883774
a;95165163612980;3.4748688;-19.000763;8.522583
a;95165183754582;3.7716217;-18.166046;6.9019165
a;95165203896184;3.9030304;-17.668655;5.748169
a;95165224037785;3.597458;-15.984833;4.7751465
a;95165244179387;3.286209;-13.44899;3.8567657
a;95165264320988;3.3977356;-10.969177;2.4571533
a;95165284462590;3.331726;-8.215454;0.9506531
a;95165304604191;3.0228271;-6.249817;0.049331665
a;95165324745793;2.8317413;-3.687317;-0.4532776
a;95165344887394;2.7615204;-1.7901611;-0.55522156
a;95165365028996;2.5879364;0.07727051;-1.1897125
a;95165385170598;2.4342346;1.3678284;-1.7241669
a;95165405312199;2.1038055;3.8533173;-1.8880005
a;95165425453801;1.2735901;5.6930084;-1.4998016
a;95165445595402;-0.12199402;5.8143463;-0.9849396
a;95165465737004;-1.1775055;5.389511;-1.1845398
a;95165485878605;-1.6446075;5.695343;-1.0457611
a;95165506020207;-2.376892;5.139206;-0.8172455
a;95165526161809;-3.3583221;3.679306;-0.91223145
a;95165546303410;-5.391083;1.4882355;-1.3393555
a;95165566445012;-6.737152;0.03944397;-1.7734528
a;95165586586613;-8.576553;-0.4111023;-1.9995117
a;95165606728215;-11.751892;-4.1296844;-5.584488
a;95165626869816;-16.380798;-14.937607;-9.284454
a;95165647011418;-15.738632;-20.150314;-10.066711
a;95165667153019;-16.260254;-20.150314;-10.416412
a;95165687294621;-17.652603;-20.150314;-12.152603
a;95165707436223;-16.995895;-20.150314;-11.774963
a;95165727577824;-13.290085;-20.150314;-7.5220184
a;95165747719426;-10.858459;-20.150314;-6.854599
a;95165767861027;-8.871918;-20.150314;-5.842682
a;95165788002629;-7.5096283;-20.150314;-5.1987305
a;95165808144230;-7.460495;-20.150314;-5.4438324
a;95165828285832;-8.0802765;-20.140839;-4.895752
a;95165848427434;-8.433304;-18.912415;-4.620529
a;95165868569035;-8.135193;-15.073868;-4.9688416
a;95165888710637;-8.011429;-12.44899;-5.1345825
a;95165908852238;-7.729889;-8.702621;-4.635742
a;95165928993840;-7.4219513;-5.4839478;-4.2285156
a;95165949135441;-6.854538;-2.0232086;-3.8873444
a;95165969277043;-6.818161;0.04421997;-3.641983
a;95165989418644;-5.9700165;1.7958527;-3.3931274
a;95166009560246;-4.454483;4.5576477;-3.5687256
a;95166029701848;-3.37146;7.1444244;-3.348938
a;95166049843449;-2.137848;10.329773;-2.5402222
a;95166069985051;-1.1680908;12.746231;-2.2215118
a;95166090126652;-0.9746399;12.319824;-1.8919373
a;95166110268254;-2.189804;9.109009;-2.194275
a;95166130409855;-3.6848602;6.645935;-1.3862457
a;95166150551457;-4.2673035;5.277832;-0.5389404
a;95166170693059;-5.296173;2.9776917;-1.5339966
a;95166190834660;-7.9436035;-0.17637634;-3.162918
a;95166210976262;-12.025009;-2.819168;-3.6161804
a;95166231117863;-17.789795;-12.569748;-15.206329
a;95166251259465;-14.374466;-20.150314;-14.127594
a;95166271401066;-12.197571;-20.150314;-9.015457
a;95166291542668;-14.662903;-20.150314;-10.356735
a;95166311684269;-13.223358;-20.150314;-12.996368
a;95166331825871;-9.833008;-20.150314;-8.223145
a;95166351967473;-6.4030457;-20.150314;-3.3412628
a;95166372109074;-3.8263245;-20.150314;-1.5484314
a;95166392250676;-2.2408142;-19.835632;-1.4571838
a;95166412392277;-2.5458984;-17.932297;-2.2626648
a;95166432533879;-4.443878;-14.806702;-2.8085022
a;95166452675480;-5.233719;-12.235138;-3.2874146
a;95166472817082;-5.074524;-10.328018;-3.4199371
a;95166492958684;-5.2683563;-9.270157;-3.0591583
a;95166513100285;-5.3546906;-8.362137;-2.815979
a;95166533241887;-5.174118;-7.8943176;-2.3386383
a;95166553383488;-4.201706;-6.330612;-2.8275604
a;95166573525090;-3.195633;-4.4008636;-2.6634674
a;95166593666691;-2.278534;-2.4010315;-2.522583
a;95166613808293;-1.7085724;-0.81048584;-1.672821
a;95166633949894;-1.3188171;1.0832062;-0.7475891
a;95166654091496;-0.30403137;2.9940948;-0.107040405
a;95166674233098;0.8855438;5.088135;0.088760376
a;95166694374699;1.5811615;6.6194916;0.1643982
a;95166714516301;1.7049255;8.6349945;0.90467834
a;95166734657902;0.69903564;8.774994;2.1925201
a;95166754799504;-0.7266846;7.36409;2.00708
a;95166774941105;-2.0955963;5.4961853;1.3489532
a;95166795082707;-3.921646;2.9379578;-0.44532776
a;95166815224309;-5.959549;0.71318054;-1.2477417
a;95166835365910;-9.090546;-4.625412;-1.8942719
a;95166855507512;-13.418793;-9.427399;-0.19361877
a;95166875649113;-14.658966;-5.563965;-3.8587646
a;95166895790715;-18.99002;-16.7641;-9.860931
a;95166915932316;-17.279877;-20.100647;-7.260315
a;95166936073918;-17.73819;-17.06279;-5.092987
a;95166956215519;-19.211746;-15.057205;-4.0014343
a;95166976357121;-19.076035;-13.720032;-3.0678558
a;95166996498723;-18.31659;-10.832291;-1.9765167
a;95167016640324;-17.034042;-8.229141;-1.9255676
a;95167036781926;-14.928162;-8.95549;-1.0200958
a;95167056923527;-13.040436;-8.301163;2.5153503
a;95167077065129;-11.613541;-6.0492554;1.293808
a;95167097206730;-10.808273;-5.1290283;0.14207458
a;95167117348332;-10.140427;-6.0612946;-0.60498047
a;95167137489934;-9.428574;-6.45195;-1.0631256
a;95167157631535;-9.018539;-6.5390625;-1.8155823
a;95167177773137;-9.096252;-6.370224;-2.4611511
a;95167197914738;-9.008438;-5.815857;-2.997757
a;95167218056340;-8.857498;-5.4266663;-2.8967133
a;95167238197941;-8.582535;-5.02948;-2.4495087
a;95167258339543;-8.475372;-4.467514;-2.3818817
a;95167278481144;-8.569382;-3.9567108;-2.618454
a;95167298622746;-8.74028;-3.7990112;-2.7291718
a;95167318764348;-9.06897;-3.5827026;-2.5292969
a;95167338905949;-9.313904;-3.2546692;-2.3032532
a;95167359047551;-9.390457;-2.9611816;-2.241455
a;95167379189152;-9.332062;-2.5857697;-2.1886902
a;95167399330754;-9.41153;-2.5934906;-1.9811859
a;95167419472355;-9.527145;-2.625183;-1.654007
a;95167439613957;-9.510498;-2.4761353;-1.6818237
a;95167459755559;-9.404709;-2.2840881;-1.7362671
a;95167479897160;-9.387558;-2.3622437;-1.431076
a;95167500038762;-9.5902405;-2.4977417;-1.2870789
a;95167520180363;-9.51651;-2.3225098;-1.2758942
a;95167540321965;-9.2521515;-1.984314;-1.2030334
a;95167560463566;-9.237976;-1.8523865;-0.71733093
a;95167580605168;-9.341492;-1.8592224;-0.58639526
a;95167600746769;-9.314041;-1.7313538;-0.7090149
a;95167620888371;-9.27446;-1.7156677;-0.58374023
a;95167641029973;-9.241913;-1.9014893;-0.32138062
a;95167661171574;-9.203659;-2.1664886;-0.39346313
a;95167681313176;-9.226059;-2.357315;-0.5403137
a;95167701454777;-9.195129;-2.5120087;-0.690506
a;95167721596379;-9.246155;-2.6111908;-0.855072
a;95167741737980;-9.359024;-3.064682;-1.0658875
a;95167761879582;-9.48851;-3.700882;-1.1599426
a;95167782021184;-9.495544;-4.024582;-1.4583282
a;95167802162785;-9.418289;-4.6331787;-1.8078156
a;95167822304387;-9.110443;-5.2027283;-1.2111664
a;95167842445988;-9.092865;-5.751343;-0.56951904
a;95167862587590;-9.087463;-5.682556;-1.39711
a;95167882729191;-8.98201;-5.7604675;-2.4542542
a;95167902870793;-9.013809;-6.6313324;-2.5612946
a;95167923012394;-8.855515;-7.0972595;-1.7068939
a;95167943153996;-8.836014;-6.9440613;-0.9453888
a;95167963295598;-8.850082;-6.515915;-1.5136261
a;95167983437199;-9.153442;-7.0711975;-2.2162323
a;95168003578801;-9.290787;-8.814087;-1.4658356
a;95168023720402;-8.995712;-9.739243;-0.39135742
a;95168043862004;-8.781158;-9.900314;-1.4581299
a;95168064003605;-8.650391;-11.078522;-2.7393036
a;95168084145207;-8.432617;-12.004028;-1.8891449
a;95168104286809;-8.2026825;-12.191895;-1.0514221
a;95168124428410;-8.092377;-11.411911;-1.9512177
a;95168144570012;-7.839676;-10.842758;-3.148056
a;95168164711613;-7.408386;-10.354721;-1.8583374
a;95168184853215;-7.0890656;-9.615402;-0.5141754
a;95168204994816;-7.1322784;-8.775833;-0.8423004
a;95168225136418;-7.067398;-8.093933;-0.6742554
a;95168245278019;-6.7239227;-6.970688;-0.23771667
a;95168265419621;-6.6540985;-5.306671;0.08042908
a;95168285561223;-6.554001;-4.0685425;0.82865906
a;95168305702824;-6.555832;-4.031784;1.2823029
a;95168325844426;-6.7441254;-4.3304443;1.4333649
a;95168345986027;-6.9813843;-3.6500854;1.7141266
a;95168366127629;-7.730713;-3.337799;1.9887238
a;95168386269230;-7.8470306;-2.6966553;2.674408
a;95168406410832;-8.21608;-2.824234;2.2626953
a;95168426552434;-8.301437;-3.9133606;2.1062317
a;95168446694035;-7.90242;-3.5049896;3.342682
a;95168466835637;-7.6053925;-3.5059204;4.308441
a;95168486977238;-7.8476257;-3.5968018;3.7855072
a;95168507118840;-7.7769165;-4.3635406;3.4473724
a;95168527260441;-6.9944916;-5.14682;4.3398285
a;95168547402043;-6.826782;-4.851166;5.135849
a;95168567543644;-5.7127686;-5.9311523;5.2785187
a;95168587685246;-5.597275;-6.944641;4.94487
a;95168607826848;-5.848053;-5.8017883;5.539612
a;95168627968449;-5.6208344;-6.4362183;6.5390625
a;95168648110051;-6.388443;-7.6059265;5.1724396
a;95168668251652;-5.2563934;-7.5670624;5.759857
a;95168688393254;-4.464142;-4.1506653;8.394012
a;95168708534855;-4.3426514;-5.105667;8.286789
a;95168728676457;-4.507263;-7.9083557;5.8954926
a;95168748818059;-2.4232025;-9.400909;4.674988
a;95168768959660;0.6067352;-11.688538;6.5224304
a;95168789101262;0.5184784;-11.980255;6.7749634
a;95168809242863;-0.7267761;-8.13385;6.9431458
a;95168829384465;-1.3022003;-5.389496;6.9894257
a;95168849526066;-2.5893555;-6.6760254;8.095062
a;95168869667668;-3.4524384;-7.6744537;8.532745
a;95168889809269;-3.734436;-5.5911713;8.872467
a;95168909950871;-4.6336823;-5.2578583;8.006485
a;95168930092473;-5.4397583;-4.856613;7.3980865
a;95168950234074;-5.3459167;-7.6905823;5.6815186
a;95168970375676;-4.981613;-4.500351;6.8647766
a;95168990517277;-5.3684387;-4.097748;8.21843
a;95169010658879;-5.491165;-3.506836;7.4431305
a;95169030800480;-5.536392;-4.472702;6.756836
a;95169050942082;-5.159195;-3.6880798;8.122986
a;95169071083684;-6.1055603;-5.633911;7.129776
a;95169091225285;-8.761826;-6.0900116;4.0544434
a;95169111366887;-7.93631;-7.301697;3.733017
a;95169131508488;-5.110794;1.6349335;7.604782
a;95169151650090;-5.0529175;0.9915161;7.060379
a;95169171791691;-5.043701;-0.34532166;6.0959473
a;95169191933293;-5.61203;-4.743683;6.046295
a;95169212074894;-4.594391;-1.6474915;10.07077
a;95169232216496;-3.9161377;-1.5726624;10.991074
a;95169252358098;-3.273285;-2.8406982;10.654526
a;95169272499699;-3.600998;-2.944336;11.099075
a;95169292641301;-4.5132446;-3.5023499;11.100525
a;95169312782902;-4.273514;-2.1490936;11.599533
a;95169332924504;-2.9966736;-1.915268;10.979187
a;95169353066105;-3.56604;-3.1378326;10.158356
a;95169373207707;-3.8898773;-3.4689484;10.01358
a;95169393349309;-4.5954437;-4.752838;9.13446
a;95169413490910;-4.0589294;-4.241379;9.224121
a;95169433632512;-3.516388;-4.7317505;9.385956
a;95169453774113;-3.4728851;-5.3269806;9.431549
a;95169473915715;-3.2585297;-5.068924;9.368179
a;95169494057316;-2.99115;-5.5924225;8.823273
a;95169514198918;-3.0631409;-7.356003;8.509613
a;95169534340519;-5.007889;-7.7036743;6.475067
a;95169554482121;-5.2804413;-6.7403107;5.323883
a;95169574623723;-5.046997;-6.216095;5.6616974
a;95169594765324;-5.071411;-4.9633484;6.5650177
a;95169614906926;-5.689728;-4.168335;7.2638855
a;95169635048527;-6.1766663;-2.902176;7.0613403
a;95169655190129;-6.604309;-2.1006775;6.682892
a;95169675331730;-6.750168;-0.9773102;5.7532806
a;95169695473332;-7.330063;0.29666138;5.244293
a;95169715614934;-6.824875;0.5584564;4.41687
a;95169735756535;-6.692459;0.89471436;4.823059
a;95169755898137;-7.135803;-0.25190735;4.140381
a;95169776039738;-7.321045;-1.2311859;3.3330994
a;95169796181340;-7.024109;-1.6413879;2.3046875
a;95169816322941;-6.6329803;-1.6421356;1.4889221
a;95169836464543;-6.6933594;-1.7366028;1.3749847
a;95169856606144;-7.606903;-2.3364868;1.4464264
a;95169876747746;-7.1573486;-2.7656708;2.4454803
a;95169896889348;-7.4068604;-3.320755;2.407135
a;95169917030949;-8.116592;-3.2866364;2.0789185
a;95169937172551;-9.798813;-2.2673645;-0.8607178
a;95169957314152;-12.715317;-3.486374;-2.7281647
a;95169977455754;-13.869293;-9.461548;0.54722595
a;95169997597355;-13.00209;-12.051971;1.3048706
a;95170017738957;-13.486359;-11.384216;0.61380005
a;95170037880559;-14.721924;-7.143585;4.770294
a;95170058022160;-14.339203;-3.8785706;3.39299
a;95170078163762;-14.751648;-4.242157;0.5791626
a;95170098305363;-14.294067;-5.074707;2.0867767
a;95170118446965;-13.191147;-6.80838;3.2677155
a;95170138588566;-12.262985;-8.594849;2.6021118
a;95170158730168;-11.31427;-8.869766;1.1542053
a;95170178871769;-10.795853;-7.315384;0.09474182
a;95170199013371;-10.474426;-6.017227;-0.500824
a;95170219154973;-10.223663;-4.901596;-1.1377563
a;95170239296574;-10.211441;-3.5388641;-1.4508667
a;95170259438176;-9.736618;-0.72366333;-1.6308746
a;95170279579777;-9.60556;0.25047302;-1.0684662
a;95170299721379;-9.653702;0.19262695;-1.0444946
a;95170319862980;-9.561722;-0.27246094;-1.0636444
a;95170340004582;-9.336075;-0.7839203;-1.2485504
a;95170360146184;-9.253159;-0.97128296;-1.3760223
a;95170380287785;-9.209427;-0.8493805;-1.382431
a;95170400429387;-9.576874;-0.43885803;-0.9185791
a;95170420570988;-9.947205;-0.47821045;-0.73628235
a;95170440712590;-9.73526;-0.79670715;-0.8076172
a;95170460854191;-9.452881;-0.9806824;-1.0558777
a;95170480995793;-9.525452;-0.97210693;-1.1134491
a;95170501137394;-9.848404;-0.9870758;-1.0326996
a;95170521278996;-10.068344;-1.0680695;-1.0960693
a;95170541420598;-10.1766815;-0.80036926;-1.1809845
a;95170561562199;-9.965607;-0.6088562;-0.9202881
a;95170581703801;-9.691452;-0.6597595;-0.24571228
a;95170601845402;-9.625412;-0.59684753;-0.22467041
a;95170621987004;-9.493027;-0.2611084;-0.30430603
a;95170642128605;-9.262527;-0.5974579;-0.23706055
a;95170662270207;-9.439697;-1.2157898;-0.16584778
a;95170682411809;-9.848297;-1.3000641;-0.2504425
a;95170702553410;-9.674011;-0.8939209;-0.37409973
a;95170722695012;-9.46727;-0.70170593;-0.4280548
a;95170742836613;-9.420212;-0.974823;-0.43244934
a;95170762978215;-9.488876;-1.4697571;-0.35508728
a;95170783119816;-9.462082;-1.842865;-0.43182373
a;95170803261418;-9.411697;-1.9877625;-0.5795746
a;95170823403019;-9.378616;-2.023407;-0.6350708
a;95170843544621;-9.509689;-2.1627808;-0.4830017
a;95170863686223;-9.653931;-2.2920532;-0.39912415
a;95170883827824;-9.68071;-2.262741;-0.37971497
a;95170903969426;-9.689713;-2.2162018;-0.5155792
a;95170924111027;-9.707123;-2.3161469;-0.59043884
a;95170944252629;-9.747116;-2.4611664;-0.57774353
a;95170964394230;-9.75824;-2.50766;-0.6500702
a;95170984535832;-9.737656;-2.4378815;-0.6033325
a;95171004694990;-9.723404;-2.359375;-0.45933533
a;95171024836591;-9.765854;-2.2677765;-0.5583496
a;95171044978193;-9.918549;-2.1628876;-0.6663666
a;95171065119794;-9.848007;-2.164154;-0.69241333
a;95171085261396;-9.702087;-2.226181;-0.60850525
a;95171105402997;-9.565552;-2.221756;-0.5262146
a;95171125544599;-9.533569;-2.1894073;-0.5586853
a;95171145686200;-9.516739;-2.161087;-0.5062103
a;95171165827802;-9.490219;-2.0963593;-0.51145935
a;95171185969404;-9.480438;-2.1430511;-0.5079956
a;95171206111005;-9.409851;-2.2073517;-0.54034424
a;95171226252607;-9.578247;-2.2016144;-0.4058838
a;95171246394208;-9.579803;-2.0791626;-0.12025452
a;95171266535810;-9.590027;-1.9517212;-0.24562073
a;95171286677411;-9.611176;-1.8619232;-0.4517212
a;95171306819013;-9.539429;-1.8534393;-0.47763062
a;95171326960615;-9.580734;-1.9939728;-0.45492554
a;95171347102216;-9.611008;-2.1516876;-0.43655396
a;95171367243818;-9.5438385;-2.1471558;-0.37345886
a;95171387385419;-9.565659;-2.0302124;-0.4498291
a;95171407527021;-9.54454;-1.9346619;-0.4862213
a;95171427668622;-9.568573;-1.8811951;-0.3784027
a;95171447810224;-9.546402;-1.8572083;-0.22958374
a;95171467951825;-9.477142;-1.8259735;-0.21879578
a;95171488093427;-9.47731;-1.7911835;-0.20220947
a;95171508235029;-9.438217;-1.8139648;-0.08528137
a;95171528376630;-9.367142;-1.7975464;-0.016220093
a;95171548518232;-9.30217;-1.734024;0.1416626
a;95171568659833;-9.3454895;-1.7377014;0.04698181
a;95171588801435;-9.481476;-1.848938;-0.047592163
a;95171608943036;-9.638718;-1.9875183;0.4250641
a;95171629084638;-9.735428;-1.8466187;0.2698822
a;95171649226240;-9.691223;-2.0052185;-0.25422668
a;95171669367841;-9.700562;-2.0325165;-0.39888
a;95171689509443;-9.626221;-2.2916107;-0.29527283
a;95171709651044;-9.532196;-2.6265717;-0.12814331
a;95171729792646;-9.521652;-2.6081848;-0.32824707
a;95171749934247;-9.551025;-2.5275726;-0.5568085
a;95171770075849;-9.457428;-2.5049744;-0.6365509
a;95171790217450;-9.463074;-2.5967712;-0.64315796
a;95171810359052;-9.477295;-2.594925;-0.30929565
a;95171830500654;-9.5273285;-2.3973083;-0.40457153
a;95171850642255;-9.47728;-2.2682343;-0.5539856
a;95171870783857;-9.420364;-2.2898865;-0.58258057
a;95171890925458;-9.437347;-2.441452;-0.4205475
a;95171911067060;-9.478088;-2.4864044;-0.24822998
a;95171931208661;-9.530151;-2.4742126;-0.39363098
a;95171951350263;-9.562439;-2.5276031;-0.50050354
a;95171971491865;-9.644485;-2.6726685;-0.41357422
a;95171991633466;-9.6645355;-2.7162323;-0.22044373
a;95172011775068;-9.648651;-2.6637268;-0.16505432
a;95172031916669;-9.648926;-2.5222778;-0.17259216
a;95172052058271;-9.675156;-2.5153503;-0.029251099
a;95172072199872;-9.635178;-2.6410522;0.14993286
a;95172092341474;-9.544464;-2.578476;0.42823792
a;95172112483075;-9.560974;-2.3842163;0.28775024
a;95172132624677;-9.622604;-2.3480225;0.21258545
a;95172152766279;-9.642044;-2.5330658;0.22245789
a;95172172907880;-9.678467;-2.6527557;0.22393799
a;95172193049482;-9.640259;-2.5627136;0.20379639
a;95172213191083;-9.590607;-2.4499512;0.12486267
a;95172233332685;-9.585922;-2.451065;0.027893066
a;95172253474286;-9.545197;-2.4753723;-0.027511597
a;95172273615888;-9.546265;-2.4964752;0.029464722
a;95172293757490;-9.563492;-2.4249725;-0.054397583
a;95172313899091;-9.51442;-2.380127;-0.16055298
a;95172334040693;-9.512405;-2.4011688;-0.24053955
a;95172354182294;-9.481567;-2.500351;-0.30615234
a;95172374323896;-9.475159;-2.5827942;-0.05848694
a;95172394465497;-9.525192;-2.64003;-0.109313965
a;95172414607099;-9.646454;-2.8102722;-0.20703125
a;95172434748700;-9.725739;-3.13385;-0.49214172
a;95172454890302;-9.894012;-3.6806946;-0.23774719
a;95172475031904;-9.97493;-3.881012;-0.13293457
a;95172495173505;-10.112076;-4.0848846;-0.14491272
a;95172515315107;-10.307465;-4.5350037;-0.1965332
a;95172535456708;-10.69809;-5.71373;-0.4247589
a;95172555598310;-10.665726;-6.170624;-0.44078064
a;95172575739911;-10.392136;-5.6549683;-0.20333862
a;95172595881513;-10.314667;-5.148575;0.39915466
a;95172616023115;-10.46965;-5.5210266;0.72229004
a;95172636164716;-10.721725;-6.4621887;0.45309448
a;95172656306318;-10.979401;-7.571045;0.06489563
a;95172676447919;-11.010925;-8.418503;0.19779968
a;95172696589521;-11.002136;-8.728699;1.0252838
a;95172716731122;-11.114227;-9.062164;1.9736176
a;95172736872724;-10.961273;-9.106506;2.5219269
a;95172757014325;-10.792374;-8.266556;2.5588837
a;95172777155927;-10.472534;-7.762329;2.4090118
a;95172797297529;-9.622894;-7.968216;2.6888428
a;95172817439130;-8.177704;-6.741516;3.5505676
a;95172837580732;-7.4718018;-4.714325;4.241043
a;95172857722333;-7.3151855;-4.269745;4.202301
a;95172877863935;-5.992218;-3.4210815;4.062195
a;95172898005536;-4.954071;-2.616455;3.939804
a;95172918147138;-4.279663;-2.1354218;5.091049
a;95172938288740;-4.227234;-1.8392181;5.6262054
a;95172958430341;-4.294815;-0.7303467;5.6611176
a;95172978571943;-3.4324036;-0.14916992;5.6750793
a;95172998713544;-2.789444;-1.038681;6.0586395
a;95173018855146;-3.214859;-1.7921295;6.6711273
a;95173038996747;-3.499054;-1.6029205;7.1309967
a;95173059138349;-3.0717468;-0.89660645;7.4535065
a;95173079279950;-2.7437286;-0.7809601;7.9170685
a;95173099421552;-2.7201843;-0.8886261;8.103943
a;95173119563154;-2.4321442;-1.2200623;8.205933
a;95173139704755;-2.344757;-1.5175629;8.339386
a;95173159846357;-2.222412;-1.7296753;8.479797
a;95173179987958;-1.8517151;-1.5665131;8.638412
a;95173200129560;-1.4777832;-0.63067627;8.292816
a;95173220271161;-2.108551;-0.4003601;9.126526
a;95173240412763;-1.5570374;-0.7420044;8.84523
a;95173260554365;-0.6834259;-1.1300659;8.514191
a;95173280695966;-1.0456085;-1.2946167;9.093353
a;95173300837568;-1.4824982;-1.4320831;9.518509
a;95173320979169;-2.4646301;-0.065216064;7.460022
a;95173341120771;-1.6611938;-0.83503723;9.489655
a;95173361262372;-0.87667847;-0.29473877;10.221924
a;95173381403974;-1.1054688;-0.55566406;10.025177
a;95173401545575;-1.404129;-1.0641022;9.664764
a;95173421687177;-1.4638519;-1.327301;9.356216
a;95173441828779;-1.2289124;-1.3109894;9.49881
