a;12913735077920;-0.0035552979;-0.38822937;9.561478
a;12913755219522;-0.010238647;-0.3956604;9.565033
a;12913775361123;-0.026855469;-0.39216614;9.511856
a;12913795502725;-0.036972046;-0.3891449;9.53598
a;12913815644326;-0.016479492;-0.3992157;9.562668
a;12913835785928;-0.02999878;-0.45848083;9.714279
a;12913855927530;-0.031066895;-0.40821838;9.4453125
a;12913876069131;-0.021850586;-0.40672302;9.562393
a;12913896210733;-0.05795288;-0.38923645;9.5612335
a;12913916352334;-0.014251709;-0.37147522;9.543045
a;12913936493936;-0.02999878;-0.41981506;9.534607
a;12913956635537;-0.037139893;-0.39445496;9.554321
a;12913976777139;-0.037597656;-0.4073639;9.528336
a;12913996918741;-0.019561768;-0.40615845;9.568802
a;12914017060342;-0.018051147;-0.3785553;9.560226
a;12914037201944;-0.027252197;-0.3868103;9.572418
a;12914057343545;-0.02796936;-0.38632202;9.579834
a;12914077485147;-0.01777649;-0.4134369;9.566223
a;12914097626748;-0.04475403;-0.40853882;9.590881
a;12914117768350;-0.027038574;-0.40948486;9.564835
a;12914137909951;-0.033294678;-0.3985138;9.570175
a;12914158051553;-0.019470215;-0.4009552;9.562332
a;12914178193155;-0.031829834;-0.4047699;9.569672
a;12914198334756;-0.04319763;-0.40818787;9.561569
a;12914218476358;-0.042160034;-0.4058075;9.549835
a;12914238617959;-0.030731201;-0.37890625;9.573822
a;12914258759561;-0.018630981;-0.38581848;9.558243
a;12914278901162;-0.02470398;-0.3802948;9.582748
a;12914299042764;-0.016601563;-0.39553833;9.544907
a;12914319184366;-0.03050232;-0.39144897;9.577026
a;12914339325967;-0.018081665;-0.38667297;9.569717
a;12914359467569;-0.038009644;-0.40008545;9.55957
a;12914379609170;-0.036956787;-0.41853333;9.54686
a;12914399750772;-0.0410614;-0.40473938;9.5811615
a;12914419892373;-0.032455444;-0.383667;9.553299
a;12914440033975;-0.033721924;-0.41122437;9.550842
a;12914460175576;-0.040100098;-0.40441895;9.562698
a;12914480317178;-0.026794434;-0.38542175;9.562958
a;12914500458780;-0.041763306;-0.4039154;9.565643
a;12914520600381;-0.031173706;-0.38624573;9.575211
a;12914540741983;-0.024887085;-0.3953247;9.572205
a;12914560883584;-0.04307556;-0.3990631;9.576324
a;12914581025186;-0.025268555;-0.39619446;9.551239
a;12914601166787;-0.035202026;-0.37724304;9.567688
a;12914621308389;-0.036117554;-0.37774658;9.544388
a;12914641449991;-0.048171997;-0.39923096;9.546539
a;12914661591592;-0.03630066;-0.40055847;9.571564
a;12914681733194;-0.04966736;-0.40026855;9.57222
a;12914701874795;-0.012435913;-0.40193176;9.56221
a;12914722016397;-0.043441772;-0.39950562;9.573898
a;12914742157998;-0.028213501;-0.39762878;9.533218
a;12914762299600;-0.030578613;-0.39759827;9.57341
a;12914782441201;-0.026763916;-0.39831543;9.55722
a;12914802582803;-0.029876709;-0.39569092;9.546692
a;12914822724405;-0.01826477;-0.39343262;9.572418
a;12914842866006;-0.032989502;-0.37928772;9.557068
a;12914863007608;-0.019256592;-0.40356445;9.57608
a;12914883149209;-0.035354614;-0.40827942;9.5664215
a;12914903290811;-0.017410278;-0.40213013;9.566345
a;12914923432412;-0.026809692;-0.39582825;9.539764
a;12914943574014;-0.016921997;-0.39808655;9.527283
a;12914963715616;-0.01663208;-0.38905334;9.566376
a;12914983857217;-0.020126343;-0.38853455;9.576141
a;12915003998819;-0.0435791;-0.3887024;9.564102
a;12915024140420;-0.024154663;-0.3912201;9.555969
a;12915044282022;-0.028686523;-0.40396118;9.5624695
a;12915064423623;-0.021209717;-0.40292358;9.568497
a;12915084565225;-0.022003174;-0.3927307;9.571671
a;12915104706826;-0.025161743;-0.4018097;9.520874
a;12915124848428;-0.020141602;-0.39959717;9.541687
a;12915144990030;-0.009002686;-0.40878296;9.573151
a;12915165131631;-0.03842163;-0.41279602;9.548477
a;12915185273233;-0.027160645;-0.39967346;9.562454
a;12915205414834;-0.013519287;-0.41627502;9.5581665
a;12915225556436;-0.022903442;-0.3972473;9.546371
a;12915245698037;-0.018295288;-0.39846802;9.555435
a;12915265839639;-0.04084778;-0.39564514;9.556717
a;12915285981241;-0.0035552979;-0.38476563;9.586914
a;12915306122842;-0.027236938;-0.39604187;9.543457
a;12915326264444;-0.04385376;-0.39831543;9.548248
a;12915346406045;-0.04031372;-0.40472412;9.54567
a;12915366547647;-0.024658203;-0.39527893;9.527679
a;12915386689248;-0.014511108;-0.3843994;9.560669
a;12915406830850;-0.016021729;-0.36134338;9.560562
a;12915426972451;-0.0023651123;-0.39666748;9.543396
a;12915447114053;-0.03741455;-0.39456177;9.550034
a;12915467255655;-0.025634766;-0.3865509;9.520706
a;12915487397256;-0.03677368;-0.3976593;9.602188
a;12915507538858;-0.05102539;-0.3983307;9.5637665
a;12915527680459;-0.030059814;-0.38356018;9.569336
a;12915547822061;-0.028549194;-0.39398193;9.5555725
a;12915567963662;-0.02116394;-0.40107727;9.559799
a;12915588105264;-0.026306152;-0.38204956;9.575577
a;12915608246866;-0.041885376;-0.3998108;9.560913
a;12915628388467;-0.02015686;-0.38412476;9.549545
a;12915648530069;-0.022079468;-0.39553833;9.593079
a;12915668671670;-0.031539917;-0.36158752;9.561218
a;12915688813272;-0.023254395;-0.41384888;9.561203
a;12915708954873;-0.020202637;-0.38368225;9.535034
a;12915729096475;-0.04260254;-0.3909912;9.529175
a;12915749238076;-0.04638672;-0.4024353;9.531601
a;12915769379678;-0.048110962;-0.40933228;9.544601
a;12915789521280;0.11354065;-0.9242859;8.86705
a;12915809662881;-0.04588318;-0.061538696;9.767838
a;12915829804483;-0.021911621;-0.42848206;9.602753
a;12915849946084;-0.0365448;-0.40930176;9.549957
a;12915870087686;-0.037124634;-0.35588074;9.531998
a;12915890229287;-0.037490845;-0.39624023;9.57695
a;12915910370889;-0.03425598;-0.4025421;9.5699005
a;12915930512491;-0.04220581;-0.3899231;9.569092
a;12915950654092;-0.04600525;-0.39285278;9.566284
a;12915970795694;-0.041870117;-0.40153503;9.588058
a;12915990937295;-0.031402588;-0.38426208;9.569336
a;12916011078897;-0.022659302;-0.395401;9.525177
a;12916031220498;-0.030059814;-0.38009644;9.567017
a;12916051362100;-0.020996094;-0.39201355;9.567505
a;12916071503701;-0.037002563;-0.39440918;9.580872
a;12916091645303;-0.045181274;-0.38554382;9.538925
a;12916111786905;-0.021270752;-0.3929901;9.573395
a;12916131928506;-0.04081726;-0.40722656;9.587723
a;12916152070108;-0.027572632;-0.37991333;9.539383
a;12916172211709;-0.026763916;-0.3934021;9.582413
a;12916192353311;-0.024459839;-0.4013672;9.567184
a;12916212494912;-0.033203125;-0.39068604;9.571274
a;12916232636514;-0.030441284;-0.40203857;9.544708
a;12916252778116;-0.043014526;-0.4048462;9.57515
a;12916272919717;-0.03440857;-0.4135437;9.5312805
a;12916293073065;-0.02508545;-0.3710785;9.547394
a;12916313214666;-0.041046143;-0.39179993;9.559479
a;12916333356268;-0.036468506;-0.39839172;9.553375
a;12916353497869;-0.035873413;-0.3966217;9.543213
a;12916373639471;-0.041259766;-0.38815308;9.550308
a;12916393781072;-0.017532349;-0.37898254;9.559662
a;12916413922674;-0.022659302;-0.39672852;9.579727
a;12916434064276;-0.01965332;-0.39945984;9.535507
a;12916454205877;-0.0435791;-0.3950653;9.536423
a;12916474347479;-0.025421143;-0.40296936;9.533096
a;12916494489080;-0.037490845;-0.40026855;9.542862
a;12916514630682;-0.021835327;-0.394989;9.544907
a;12916534772283;-0.037612915;-0.39308167;9.559769
a;12916554913885;-0.03605652;-0.38632202;9.565872
a;12916575055487;-0.04119873;-0.3888092;9.513519
a;12916595197088;-0.02758789;-0.3882141;9.57048
a;12916615338690;-0.03894043;-0.40112305;9.5646515
a;12916635480291;-0.03175354;-0.4122467;9.552841
a;12916655621893;-0.01739502;-0.39996338;9.543716
a;12916675763494;-0.039642334;-0.38578796;9.539337
a;12916695905096;-0.039093018;-0.3921051;9.550491
a;12916716046697;-0.046203613;-0.40341187;9.547684
a;12916736188299;-0.03727722;-0.38710022;9.576309
a;12916756329901;-0.040740967;-0.39338684;9.555939
a;12916776471502;-0.025238037;-0.38978577;9.571106
a;12916796613104;-0.01739502;-0.3973999;9.554642
a;12916816754705;-0.025421143;-0.40026855;9.56929
a;12916836896307;-0.035812378;-0.39840698;9.540695
a;12916857037908;-0.021102905;-0.40864563;9.551788
a;12916877179510;-0.022598267;-0.3946228;9.534958
a;12916897321112;-0.025100708;-0.3914795;9.580185
a;12916917462713;-0.039978027;-0.38719177;9.562088
a;12916937604315;-0.03503418;-0.39595032;9.541885
a;12916957745916;-0.01977539;-0.40422058;9.549393
a;12916977887518;-0.027313232;-0.4043579;9.550964
a;12916998029119;-0.04133606;-0.41496277;9.55098
a;12917018170721;-0.046295166;-0.40457153;9.553757
a;12917038312322;-0.034591675;-0.41838074;9.564911
a;12917058453924;-0.021102905;-0.39753723;9.567322
a;12917078595526;-0.015014648;-0.38874817;9.550461
a;12917098737127;-0.027267456;-0.40441895;9.5720825
a;12917118878729;-0.043899536;-0.41316223;9.528809
a;12917139020330;-0.04185486;-0.40701294;9.567093
a;12917159161932;-0.032913208;-0.3986206;9.552856
a;12917179303533;-0.035980225;-0.3983612;9.598373
a;12917199445135;-0.047088623;-0.3770752;9.547882
a;12917219586737;-0.039031982;-0.3752594;9.569321
a;12917239728338;-0.020446777;-0.37638855;9.570328
a;12917259869940;-0.04206848;-0.39949036;9.572922
a;12917280011541;-0.035812378;-0.3902893;9.588745
a;12917300153143;-0.03062439;-0.40560913;9.570007
a;12917320294744;-0.039413452;-0.39627075;9.52182
a;12917340436346;-0.032577515;-0.39323425;9.564331
a;12917360577947;-0.02746582;-0.39941406;9.550995
a;12917380719549;-0.012863159;-0.3971405;9.570465
a;12917400861151;-0.020431519;-0.3872223;9.55426
a;12917421002752;-0.025238037;-0.4174652;9.556442
a;12917441144354;-0.026428223;-0.39949036;9.54837
a;12917461285955;-0.007293701;-0.3859558;9.504044
a;12917481427557;-0.029693604;-0.37675476;9.525543
a;12917501569158;-0.014678955;-0.45429993;9.294327
a;12917521710760;-0.10409546;0.0131073;9.945923
a;12917541852362;-0.05822754;-0.46138;9.5516815
