a;29420306834399;-0.6593323;-2.2157288;9.92305
a;29420326976001;-0.57562256;-1.9953461;10.381546
a;29420347117602;-0.5178375;-2.1760254;9.849976
a;29420367259204;-2.073166;-2.9328003;7.687683
a;29420387400805;-0.4830017;-1.0345459;10.670654
a;29420407542407;0.53125;-2.244339;10.071152
a;29420427684008;-1.2863922;-2.679184;10.821075
a;29420447825610;-1.4161072;-3.0250244;7.1162567
a;29420467967212;-2.218933;-3.8274994;8.343979
a;29420488108813;-0.6431732;-0.10173035;12.168137
a;29420508250415;0.87568665;-1.8087311;10.437912
a;29420528392016;-1.2874146;-2.1724243;9.314758
a;29420548533618;-1.6300049;-2.1141205;9.731384
a;29420568675219;-0.67282104;-2.142044;9.791321
a;29420588816821;-0.7897949;-1.8912201;10.028458
a;29420608958423;-1.2052917;-1.9729767;9.817917
a;29420629100024;-0.98526;-1.8477783;9.734375
a;29420649241626;-0.8645172;-1.7586517;9.8203125
a;29420669383227;-0.9818878;-1.8339691;9.769516
a;29420689524829;-0.86320496;-2.0304565;9.64209
a;29420709666430;-0.86053467;-2.032196;9.710205
a;29420729808032;-0.9090729;-2.0258636;9.815903
a;29420749949633;-0.92445374;-2.0581055;9.784836
a;29420770091235;-1.010376;-2.072525;9.822968
a;29420790232837;-0.958313;-2.066574;9.810211
a;29420810374438;-0.8860626;-2.0831757;9.817825
a;29420830516040;-0.9987488;-2.1330261;9.866653
a;29420850657641;-1.0090637;-2.1942139;9.915558
a;29420870799243;-1.0514679;-2.287613;9.858017
a;29420890940844;-1.1058502;-2.1004944;10.01683
a;29420911082446;-1.0193939;-1.9432678;10.002899
a;29420931224048;-1.0255127;-1.7517853;9.929993
a;29420951365649;-0.9919739;-1.5766144;9.921722
a;29420971507251;-0.9216461;-1.5303192;9.927155
a;29420991648852;-0.91030884;-1.5757751;9.886627
a;29421011790454;-0.9391937;-1.6081238;9.843613
a;29421031932055;-0.8961487;-1.6071777;9.868088
a;29421052073657;-0.7965698;-1.6943512;9.861771
a;29421072215258;-0.7658539;-1.7960052;9.777496
a;29421092356860;-0.81925964;-1.789856;9.693741
a;29421112498462;-0.7552948;-1.7288513;9.708801
a;29421132640063;-0.76808167;-1.601944;9.792892
a;29421152781665;-0.8365631;-1.689148;9.834
a;29421172923266;-0.81877136;-1.6901245;9.802216
a;29421193064868;-0.73295593;-1.6652222;9.846954
a;29421213206469;-0.7720337;-1.7138672;9.864578
a;29421233348071;-0.8427429;-1.7382965;9.917114
a;29421253489673;-0.8412628;-1.7453156;9.945328
a;29421273631274;-0.85087585;-1.7154236;9.8940735
a;29421293772876;-0.8567352;-1.6720581;9.880127
a;29421313914477;-0.8932495;-1.5690308;9.925079
a;29421334056079;-0.85861206;-1.5623169;9.859543
a;29421354197680;-0.8948822;-1.6216888;9.777573
a;29421374339282;-0.87646484;-1.6086273;9.874741
a;29421394480883;-0.9023895;-1.5695953;9.945175
a;29421414622485;-0.9373779;-1.5356293;9.876801
a;29421434764087;-0.85198975;-1.4688568;9.850327
a;29421454905688;-0.7570343;-1.4309235;9.827118
a;29421475047290;-0.7297516;-1.302414;9.747391
a;29421495188891;-0.739563;-1.131897;9.884232
a;29421515330493;-0.798996;-1.0455933;9.936554
a;29421535472094;-0.8551941;-1.0842438;9.94632
a;29421555613696;-0.8528137;-1.2199249;9.97113
a;29421575755298;-0.87054443;-1.3044281;9.89476
a;29421595896899;-0.8313751;-1.3268127;9.86351
a;29421616038501;-0.7733002;-1.2136383;9.951706
a;29421636180102;-0.80822754;-1.0591431;10.008453
a;29421656321704;-0.8005371;-0.9808655;9.976273
a;29421676463305;-0.826355;-0.8594513;9.972534
a;29421696604907;-0.8395386;-0.8534241;9.887039
a;29421716746508;-0.79599;-0.86099243;9.813202
a;29421736888110;-0.74076843;-0.9377289;9.679657
a;29421757029712;-0.7642212;-0.90986633;9.753128
a;29421777171313;-0.7273865;-0.89038086;9.7956085
a;29421797312915;-0.8297272;-0.9539795;9.905365
a;29421817454516;-0.85980225;-0.95936584;9.90303
a;29421837596118;-0.80610657;-1.007843;9.881195
a;29421857737719;-0.82029724;-0.92692566;9.91777
a;29421877879321;-0.892334;-0.90400696;9.988083
a;29421898020923;-0.9210968;-0.9451752;9.908554
a;29421918162524;-0.8638611;-0.9797363;9.995712
a;29421938304126;-0.86476135;-1.0266724;9.952301
a;29421958445727;-0.8694153;-1.1795502;9.881882
a;29421978587329;-0.8927765;-1.3464661;9.879639
a;29421998728930;-0.98573303;-1.2341156;10.126312
a;29422018870532;-0.8149872;-0.98197937;10.217041
a;29422039012133;-0.81617737;-0.65579224;10.158569
a;29422059153735;-0.8720703;-0.41719055;10.066147
a;29422079295337;-0.7548218;-0.046188354;10.062805
a;29422099436938;-0.6195679;0.08055115;9.894257
a;29422119578540;-0.51538086;0.24259949;9.768692
a;29422139720141;-0.34947205;0.24157715;9.715942
a;29422159861743;-0.36244202;0.18661499;9.7209015
a;29422180003344;-0.44926453;0.07107544;9.715866
a;29422200144946;-0.67427063;0.17732239;9.78418
a;29422220286548;-0.8484192;0.66604614;9.853516
a;29422240428149;-0.827713;1.2584534;9.834122
a;29422260569751;-1.0015869;1.3774567;9.95752
a;29422280711352;-1.1853485;0.78178406;9.804047
a;29422300852954;-1.2931061;0.6984253;9.749054
a;29422320994555;-1.1598663;1.4668579;9.87822
a;29422341136157;-0.99038696;1.982666;10.1539
a;29422361277758;-1.4744568;1.6760712;10.63089
a;29422381419360;-2.2500763;1.5304718;10.636673
a;29422401560962;-2.1601715;1.4414063;10.130875
a;29422421702563;-1.7368622;1.182373;9.513977
a;29422441844165;-1.4228516;1.0866547;8.911179
a;29422461985766;-0.7103424;0.69122314;8.237091
a;29422482127368;-0.13945007;0.1818695;7.667633
a;29422502268969;0.26904297;0.041137695;7.3679504
a;29422522410571;0.4331665;0.60614014;7.2734222
a;29422542552173;0.5606842;0.9149475;7.484131
a;29422562693774;0.32232666;0.62557983;7.6604004
a;29422582835376;-0.27853394;0.09434509;8.150284
a;29422602976977;-0.73143005;0.035995483;8.204483
a;29422623118579;-0.918869;-0.16506958;8.274841
a;29422643260180;-1.0597839;-0.10266113;9.069962
a;29422663401782;-0.9078369;0.08924866;9.944672
a;29422683543383;-0.4832611;-0.2026825;10.591217
a;29422703684985;-0.22181702;-0.49061584;11.047104
a;29422723826587;-0.046691895;-0.6405029;11.388535
a;29422743968188;0.20457458;-0.9317627;11.797058
a;29422764109790;0.53134155;-1.5226135;11.76593
a;29422784251391;0.6264496;-1.7898102;11.231308
a;29422804392993;0.4986725;-1.9757843;10.909851
a;29422824534594;0.33117676;-2.3303528;11.5776825
a;29422844676196;0.4202881;-2.3832855;11.994507
a;29422864817798;0.85343933;-2.7501526;11.977737
a;29422884959399;1.2325897;-3.0342102;11.516281
a;29422905101001;0.9740448;-3.2993622;10.565414
a;29422925242602;1.1582794;-2.9397888;10.492249
a;29422945384204;1.6528625;-3.2370758;10.361191
a;29422965525805;1.7227936;-3.280304;9.932205
a;29422985667407;2.083191;-3.0511932;9.422989
a;29423005809008;2.457016;-2.969986;8.9743805
a;29423025950610;2.2480927;-3.3831635;8.853012
a;29423046092212;1.8309021;-3.64357;8.991333
a;29423066233813;1.2338257;-3.8839111;9.618164
a;29423086375415;0.7649689;-4.335968;10.037506
a;29423106517016;0.50735474;-4.7274933;10.343201
a;29423126658618;0.26210022;-4.168915;10.425873
a;29423146800219;0.2149353;-3.6260834;10.477264
a;29423166941821;0.19758606;-3.2341003;10.338013
a;29423187083423;0.24815369;-2.9532928;10.004776
a;29423207225024;0.24942017;-2.6368256;10.194046
a;29423227366626;0.40330505;-2.260376;9.997711
a;29423247508227;0.78196716;-2.3673248;9.57457
a;29423267649829;1.0313263;-2.4467773;9.062363
a;29423287791430;1.4092102;-2.5389557;8.712341
a;29423307933032;1.8038025;-2.6357117;8.570023
a;29423328074633;2.010849;-2.8376007;9.140106
a;29423348216235;1.865036;-3.6772614;9.732361
a;29423368357837;1.4684143;-4.0775757;10.466171
a;29423388499438;1.2386017;-4.6715546;10.468857
a;29423408641040;1.3767853;-5.2325134;9.962418
a;29423428782641;1.8245697;-5.135971;9.649551
a;29423448924243;2.3509674;-4.4430084;9.257721
a;29423469065844;2.7531433;-3.6110077;8.921463
a;29423489207446;3.0808105;-3.2422638;8.523956
a;29423509349048;3.1565552;-3.0407562;8.030151
a;29423529490649;3.119156;-2.6861115;7.68486
a;29423549632251;2.929062;-2.5681;7.578308
a;29423569773852;2.8342285;-2.7319336;7.8329773
a;29423589915454;2.4897156;-3.0142975;8.677231
a;29423610057055;2.1328278;-3.6354675;9.501846
a;29423630198657;1.9597778;-4.059723;9.836029
a;29423650340258;1.9732666;-4.303543;9.863388
a;29423670481860;1.8203888;-4.485306;9.800766
a;29423690623462;2.0741272;-4.3681946;9.577927
a;29423710765063;2.2579803;-3.8000183;9.406189
a;29423730906665;2.4904633;-3.3675385;9.144501
a;29423751048266;2.7170563;-3.2035217;9.047943
a;29423771189868;2.848709;-3.3022156;8.830109
a;29423791331469;2.977417;-3.3202362;8.704834
a;29423811473071;3.0250397;-3.415741;8.922211
a;29423831614673;2.8017578;-3.7337341;9.194733
a;29423851756274;2.594574;-3.6263275;9.143402
a;29423871897876;2.5388336;-3.74971;9.017517
a;29423892039477;2.5748138;-4.0743713;8.927612
a;29423912181079;2.6816254;-3.951889;8.939041
a;29423932322680;2.7316132;-3.6774292;8.734787
a;29423952464282;2.686737;-3.438034;8.524277
a;29423972605883;2.6348267;-3.1941833;8.483917
a;29423992747485;2.6676788;-3.0063477;8.610306
a;29424012889087;2.7243347;-3.0508728;8.841797
a;29424033030688;2.6603088;-3.2139893;8.889511
a;29424053172290;2.5077362;-3.2384644;8.884033
a;29424073313891;2.2799683;-3.5131683;8.8710785
a;29424093455493;2.079071;-3.5363922;8.84787
a;29424113597094;2.193222;-3.530899;9.012039
a;29424133738696;2.249771;-3.4096222;9.205261
a;29424153880298;2.465866;-3.2796478;9.0902405
a;29424174021899;2.6309357;-3.2133636;8.961151
a;29424194163501;2.6362152;-3.6047516;8.941162
a;29424214305102;2.5539398;-3.6789703;9.209793
a;29424234446704;2.5206604;-3.7018585;9.560776
a;29424254588305;2.495926;-3.8139038;9.757004
a;29424274729907;2.3888245;-3.8595734;9.58696
a;29424294871508;2.4263458;-3.9176025;9.392334
a;29424315013110;2.4112244;-3.842102;9.238647
a;29424335154712;2.402008;-3.7994385;9.380112
a;29424355296313;2.4642181;-3.673645;9.3932495
a;29424375437915;2.525116;-3.6267853;9.131348
a;29424395579516;2.4583282;-3.6569366;8.905579
a;29424415721118;2.4425354;-3.6287384;8.841568
a;29424435862719;2.3776093;-3.6708374;8.91246
a;29424456004321;2.3555756;-3.610855;9.061752
a;29424476145923;2.3800964;-3.6282043;9.193146
a;29424496287524;2.26503;-3.7523804;9.141617
a;29424516429126;2.1801605;-3.7858124;9.06514
a;29424536570727;2.2292175;-3.7538605;9.185852
a;29424556712329;2.2287445;-3.6434631;9.247406
a;29424576853930;2.2544556;-3.536377;9.282654
a;29424596995532;2.262024;-3.5453491;9.246414
a;29424617137133;2.2494507;-3.5808563;9.176315
a;29424637278735;2.279831;-3.6669006;9.217331
a;29424657420337;2.2301636;-3.6868134;9.401962
a;29424677561938;2.3137665;-3.6316223;9.44429
a;29424697703540;2.3587494;-3.6282806;9.387711
a;29424717845141;2.3120575;-3.6459656;9.296371
a;29424737986743;2.3083954;-3.7025757;9.2782135
a;29424758128344;2.2564545;-3.71286;9.209564
a;29424778269946;2.3003387;-3.6718597;9.129837
a;29424798411548;2.3437042;-3.5805054;9.162094
a;29424818553149;2.3470917;-3.5302887;9.185165
a;29424838694751;2.2835693;-3.5112915;9.12587
a;29424858836352;2.2749634;-3.420044;9.153992
a;29424878977954;2.3632813;-3.3719025;9.277512
a;29424899119555;2.4161987;-3.3679962;9.442673
a;29424919261157;2.346695;-3.4795074;9.464096
a;29424939402758;2.2997131;-3.490982;9.1462555
a;29424959544360;2.3095398;-3.6063232;8.86496
a;29424979685962;2.1514282;-3.5657349;8.996658
a;29424999827563;2.176773;-3.5387268;9.245117
a;29425019969165;2.2435913;-3.4807587;9.516937
a;29425040110766;2.291809;-3.5160217;9.502853
a;29425060252368;2.2704315;-3.6058044;9.430832
a;29425080393969;2.0937195;-3.570343;9.287384
a;29425100535571;2.0196686;-3.571991;9.213959
a;29425120677173;2.047699;-3.5041504;9.303345
a;29425140818774;2.0099945;-3.3412323;9.449585
a;29425160960376;1.9974213;-3.24617;9.6679535
a;29425181101977;1.9903717;-3.2363129;9.568619
a;29425201243579;1.9285583;-3.1697235;9.430176
a;29425221385180;1.8445435;-3.4086914;9.238358
a;29425241526782;1.7478638;-3.530182;9.25827
a;29425261668383;1.7048187;-3.1961517;9.518921
a;29425281809985;1.8706665;-3.1044922;9.666794
a;29425301951587;1.884201;-3.0682526;9.677704
a;29425322093188;1.7107544;-3.0669708;9.441162
a;29425342234790;1.7312927;-3.161728;9.095261
a;29425362376391;1.8253937;-3.06604;8.911728
a;29425382517993;1.8975983;-2.9094086;8.993271
a;29425402659594;1.8986816;-2.850357;9.157883
a;29425422801196;1.8965759;-2.9377136;9.212036
a;29425442942798;1.7877808;-2.859024;9.414246
a;29425463084399;1.7167358;-2.9368286;9.4478
a;29425483226001;1.6099854;-3.059784;9.378937
a;29425503367602;1.595993;-3.2138977;9.393982
a;29425523509204;1.3835144;-3.2264252;9.446518
a;29425543650805;1.2951813;-3.1396637;9.488144
a;29425563792407;1.3735962;-2.9173431;9.608902
a;29425583934008;1.4641266;-2.906479;9.61554
a;29425604075610;1.5151672;-3.0491486;9.566589
a;29425624217212;1.4893799;-3.113205;9.5889435
a;29425644358813;1.4437866;-3.1700134;9.31105
a;29425664500415;1.3602295;-3.2365265;8.84433
a;29425684642016;1.3254089;-3.354538;8.76329
a;29425704783618;1.3767395;-3.032425;9.054749
a;29425724925219;1.3396149;-2.7591248;9.090515
a;29425745066821;1.1963043;-2.6237946;8.896317
a;29425765208423;1.0983124;-2.6941376;8.591309
a;29425785350024;1.4087067;-3.0433807;8.854141
a;29425805491626;1.8822479;-3.1744995;9.211792
a;29425825633227;2.1083221;-3.3065338;9.213547
a;29425845774829;2.0951843;-3.384674;8.973465
a;29425865916430;2.0004425;-3.694168;8.909561
a;29425886058032;1.8912811;-4.1592407;8.998199
a;29425906199633;1.656784;-4.486023;9.14798
a;29425926341235;1.4240723;-4.709015;9.267853
a;29425946482837;1.2582855;-4.7618713;9.28392
a;29425966624438;1.256897;-4.8151093;9.100327
a;29425986766040;1.3732758;-4.7164307;9.102463
a;29426006907641;1.4897308;-4.500992;9.409073
a;29426027049243;1.5004272;-4.204056;9.735306
a;29426047190844;1.5036163;-4.0590515;9.942749
a;29426067332446;1.4524231;-4.05336;9.914093
a;29426087474048;1.2882233;-4.0772705;9.76358
a;29426107615649;1.28508;-4.228653;9.595337
a;29426127757251;1.2887115;-4.202408;9.82045
a;29426147898852;1.2408447;-4.0663147;10.043518
a;29426168040454;1.2780762;-4.0417023;10.016037
a;29426188182055;1.2616577;-4.1832123;9.76947
a;29426208323657;1.2761536;-4.341736;9.714264
a;29426228465258;1.2653656;-4.461441;9.888336
a;29426248606860;1.2525177;-4.3699036;10.113846
a;29426268748462;1.3833923;-4.2162933;10.183411
a;29426288890063;1.7118988;-4.1186676;9.900162
a;29426309031665;1.8850555;-4.2124634;9.566437
a;29426329173266;1.933609;-4.080414;9.539688
a;29426349314868;2.2041779;-3.7707977;9.640457
a;29426369456469;2.3488617;-3.486969;9.838638
a;29426389598071;1.9915924;-2.8515625;10.184479
a;29426409739673;1.6360931;-2.1170654;10.312973
a;29426429881274;1.2917786;-1.653656;10.016647
a;29426450022876;1.2168884;-1.4687653;9.220642
a;29426470164477;1.2167511;-1.0053253;8.74469
a;29426490306079;1.397934;-0.20700073;8.343002
a;29426510447680;1.4629974;0.40957642;8.245468
a;29426530589282;1.0060577;-0.3318329;8.526047
a;29426550730883;-0.07777405;-1.2707672;9.104538
a;29426570872485;-0.5845032;-0.5449524;10.13382
a;29426591014087;-0.22924805;1.0080566;10.202957
a;29426611155688;-0.1387024;0.7550659;9.885193
a;29426631297290;-0.28804016;-0.030807495;9.557571
a;29426651438891;0.095703125;-0.30296326;9.430206
a;29426671580493;0.32888794;-0.114593506;9.368652
a;29426691722094;0.428833;0.2619934;9.5012665
a;29426711863696;0.730011;0.23522949;9.58815
a;29426732005298;0.575531;0.31863403;9.812012
a;29426752146899;0.5450287;0.53590393;10.043411
a;29426772288501;0.31436157;0.44403076;10.406036
a;29426792415548;0.14976501;0.37835693;10.806046
a;29426812557150;0.18991089;0.5089569;11.084793
a;29426832698751;0.6019287;0.841156;10.773651
a;29426852840353;1.0887604;1.2671051;10.182739
a;29426872981954;1.4223633;1.2741699;9.796921
a;29426893123556;1.4795532;1.3165283;9.642853
a;29426913265158;1.2911835;1.3345642;9.672684
a;29426933406759;1.0191803;1.2041016;9.667526
a;29426953548361;0.9709015;0.9801483;9.443039
a;29426973689962;1.0703125;0.7910919;9.434433
a;29426993831564;0.9858551;0.6035156;9.6884
a;29427013973165;1.0177765;0.30273438;9.66655
a;29427034114767;1.156189;0.045181274;9.416763
a;29427054256369;1.39711;-0.008529663;9.292816
a;29427074397970;1.7233887;0.06980896;9.396744
a;29427094539572;1.9433441;-0.08773804;9.40921
a;29427114681173;1.8531494;-0.024505615;9.610977
a;29427134822775;1.8964691;0.25305176;9.747452
a;29427154964376;1.8935394;0.15657043;9.673569
a;29427175105978;1.7769318;0.16438293;9.789978
a;29427195247579;1.9560242;0.23841858;9.957077
a;29427215389181;1.7730865;0.377182;10.110855
a;29427235530783;1.4694366;-0.03138733;10.307022
a;29427255672384;1.3991852;-0.2287445;10.460556
a;29427275813986;1.8061371;-0.2495575;10.161194
a;29427295955587;1.9216766;-0.14227295;9.251495
a;29427316097189;1.663147;0.23031616;9.280502
a;29427336238790;2.0619812;0.024475098;9.289734
a;29427356380392;2.8365936;0.020599365;9.514206
a;29427376521994;2.5980682;0.29986572;9.873459
a;29427396663595;2.5153503;-0.49389648;9.5776825
a;29427416805197;2.953003;-0.73916626;9.309219
a;29427436946798;3.110199;0.5537262;9.182404
a;29427457088400;2.8355713;0.9463043;8.973648
a;29427477230001;2.5628052;0.99894714;8.709579
a;29427497371603;2.8546753;-0.071014404;7.736679
a;29427517513204;3.3802948;-0.87242126;7.487549
a;29427537654806;3.3807526;-0.3535614;8.409821
a;29427557796408;2.9848175;-0.14131165;8.915741
a;29427577938009;1.9830627;-0.82777405;9.496948
a;29427598079611;0.047180176;-0.7705841;9.947968
a;29427618221212;-1.918045;-0.4298401;10.518433
a;29427638362814;-3.3993683;-0.16423035;11.090988
a;29427658504415;-4.2477875;-0.6276703;10.922211
a;29427678646017;-4.6840057;-0.9684448;11.029495
a;29427698787619;-5.054611;-0.79634094;10.273193
a;29427718929220;-4.994522;-0.66397095;9.585617
a;29427739070822;-4.754471;-1.4931183;9.650055
a;29427759212423;-4.5225067;-1.4414063;9.868149
a;29427779354025;-3.8174286;-1.7961121;9.443268
a;29427799495626;-3.4562225;-2.0704803;9.501068
a;29427819637228;-3.3421936;-1.9790039;9.668137
a;29427839778829;-3.2554932;-1.7957764;9.874939
a;29427859920431;-2.962494;-1.4331512;9.925064
a;29427880062033;-2.697937;-1.3187256;9.77507
a;29427900203634;-2.2117157;-1.3344269;9.563812
a;29427920345236;-1.9520569;-1.3219757;9.679596
a;29427940486837;-1.9548645;-1.5423126;9.45961
a;29427960628439;-2.0743103;-1.7223358;9.23056
a;29427980770040;-2.3178558;-1.3412781;9.393387
a;29428000911642;-2.5459442;-1.0937042;9.7968445
a;29428021053244;-2.9151764;-1.1486053;9.794083
a;29428041194845;-3.436554;-1.4519958;9.426773
a;29428061336447;-3.653534;-1.3001099;9.460327
a;29428081478048;-3.4513092;-1.0606995;9.599213
a;29428101619650;-3.4043732;-0.86647034;9.634323
a;29428121761251;-3.2125092;-0.71728516;9.462982
a;29428141902853;-2.9028015;-0.69241333;9.393646
a;29428162044454;-2.7447815;-0.7085571;9.369644
a;29428182186056;-2.7548828;-0.56188965;9.496674
a;29428202327658;-2.8634186;-0.42826843;9.692871
a;29428222469259;-3.1057434;-0.5107727;9.790161
a;29428242610861;-3.443695;-0.72735596;9.627762
a;29428262752462;-3.634201;-0.9332123;9.366364
a;29428282894064;-3.5058746;-0.8781891;9.36438
a;29428303035665;-3.1734772;-0.60739136;9.490829
a;29428323177267;-2.6587677;-0.5481262;9.502563
a;29428343318869;-2.279007;-0.46562195;9.466309
a;29428363460470;-2.0649261;-0.20056152;9.458679
a;29428383602072;-2.1079407;0.010971069;9.47847
a;29428403743673;-2.4624786;0.047286987;9.517609
a;29428423885275;-2.9496155;-0.23954773;9.523682
a;29428444026876;-3.295044;-0.44740295;9.458954
a;29428464168478;-3.5065308;-0.43147278;9.342209
a;29428484310079;-3.6585236;-0.35591125;9.2270355
a;29428504451681;-3.7806244;-0.30760193;9.157944
a;29428524593283;-3.7880554;-0.14025879;9.100281
a;29428544734884;-3.473938;0.070114136;8.954346
a;29428564876486;-2.8659973;0.087005615;9.001511
a;29428585018087;-2.507782;-0.06422424;9.110123
a;29428605159689;-2.6744537;-0.33491516;9.22496
a;29428625301290;-2.9249878;-0.6489258;9.290955
a;29428645442892;-3.0360718;-0.7298584;9.538528
a;29428665584494;-3.0370789;-0.7191925;9.843628
a;29428685726095;-3.110794;-0.95899963;9.846039
a;29428705867697;-3.0984802;-1.4186249;9.642059
a;29428726009298;-3.215042;-1.5005188;9.587677
a;29428746150900;-3.2394104;-1.316742;9.665344
a;29428766292501;-3.1416779;-1.1287079;9.720367
a;29428786434103;-3.144226;-1.0746918;9.708679
a;29428806575704;-3.1642761;-1.0122375;9.718246
a;29428826717306;-3.3256378;-0.82585144;9.767044
a;29428846858908;-3.389862;-0.69270325;9.784775
a;29428867000509;-3.4483795;-0.52549744;9.725052
a;29428887142111;-3.4560242;-0.3710785;9.645859
a;29428907283712;-3.3975067;-0.31697083;9.556732
a;29428927425314;-3.2694855;-0.21708679;9.460922
a;29428947566915;-3.1747131;-0.2049408;9.303162
a;29428967708517;-3.1296082;-0.19641113;9.073517
a;29428987850119;-2.905304;-0.26087952;8.855576
a;29429007991720;-2.833603;-0.25862122;8.942612
a;29429028133322;-3.1215515;-0.34814453;9.085022
a;29429048274923;-3.2257996;-0.48750305;9.075928
a;29429068416525;-3.2814178;-0.19766235;9.422287
a;29429088558126;-3.3156128;0.023071289;9.653931
a;29429108699728;-3.5077515;-0.10697937;9.677765
a;29429128841329;-3.6666107;-0.22541809;9.647186
a;29429148982931;-3.7197723;-0.24461365;9.538834
a;29429169124533;-3.6921997;-0.14193726;9.510834
a;29429189266134;-3.6461334;-0.026565552;9.512802
a;29429209407736;-3.6375275;0.0068359375;9.493347
a;29429229549337;-3.7385254;0.14248657;9.532043
a;29429249690939;-3.7434082;0.23834229;9.508636
a;29429269832540;-3.7379608;0.283844;9.547806
a;29429289974142;-3.565155;0.3257141;9.565308
a;29429310115744;-3.3268127;0.25268555;9.441544
a;29429330257345;-3.1726685;0.17124939;9.408173
a;29429350398947;-2.9867096;0.038406372;9.328232
a;29429370540548;-2.8024445;-0.1547699;9.175781
a;29429390682150;-2.714096;-0.28733826;9.0651245
a;29429410823751;-2.6269836;-0.26190186;9.106506
a;29429430965353;-2.7187958;-0.19807434;9.248749
a;29429451106954;-2.9565125;-0.30833435;9.364044
a;29429471248556;-3.2136383;-0.58444214;9.326569
a;29429491390158;-3.497818;-0.75772095;9.338455
a;29429511531759;-3.652069;-0.7749634;9.453125
a;29429531673361;-3.8065338;-0.6038513;9.58371
a;29429551814962;-3.9530487;-0.39102173;9.6805725
a;29429571956564;-3.9314575;-0.26409912;9.63945
a;29429592098165;-3.860794;-0.24346924;9.5265045
a;29429612239767;-3.9272156;-0.13847351;9.528519
a;29429632381369;-3.7172089;0.05218506;9.5234375
a;29429652522970;-3.1825104;0.12496948;9.586105
a;29429672664572;-2.908966;0.11299133;9.50882
a;29429692806173;-2.789917;-0.07850647;9.1237335
a;29429712947775;-2.79924;-0.3935852;8.796875
a;29429733089376;-2.738388;-0.75349426;8.589661
a;29429753230978;-2.6835327;-0.9761658;8.5395355
a;29429773372579;-2.8146057;-1.1833801;8.580215
a;29429793514181;-2.8979797;-1.4808502;8.611954
a;29429813655783;-3.0173187;-1.5955353;8.961563
a;29429833797384;-3.131256;-1.6742554;9.303909
a;29429853938986;-3.1135712;-1.615921;9.61409
a;29429874080587;-3.1390533;-1.7104187;9.674942
a;29429894222189;-3.2974854;-1.9434357;9.645386
a;29429914363790;-3.4984436;-2.0879974;9.744888
a;29429934505392;-3.7343903;-1.9130859;9.976212
a;29429954646994;-3.4688873;-1.7016754;9.934586
a;29429974788595;-2.9915314;-1.5819855;9.853424
a;29429994930197;-2.7351227;-1.6563416;9.551666
a;29430015071798;-2.4694214;-1.6161041;9.441666
a;29430035213400;-2.0627136;-1.7436829;9.367783
a;29430055355001;-1.9951172;-1.561203;9.41391
a;29430075496603;-2.2960815;-1.7307434;9.313446
a;29430095638204;-2.7057037;-1.7489624;9.340652
a;29430115779806;-2.9314575;-1.5326843;9.708542
a;29430135921408;-3.233139;-1.5626221;9.899246
a;29430156063009;-3.494812;-1.9979095;9.796448
a;29430176204611;-3.3716888;-2.1728973;9.738129
a;29430196346212;-3.0270233;-2.2295532;9.674606
a;29430216487814;-2.9148865;-2.1420898;9.795151
a;29430236629415;-2.778946;-1.8851624;9.949905
a;29430256771017;-2.556366;-1.8096924;9.937256
a;29430276912619;-2.4517365;-1.9044342;9.737747
a;29430297054220;-2.4439392;-2.0835266;9.611221
a;29430317195822;-2.4651947;-2.1598969;9.810242
a;29430337337423;-2.4778595;-1.9425812;9.729446
a;29430357479025;-2.3757324;-1.9423523;9.522858
a;29430377620626;-2.3353882;-1.943161;9.499695
a;29430397762228;-2.447937;-1.9538879;9.471893
a;29430417903829;-2.543518;-2.0744781;9.17511
a;29430438045431;-2.7279205;-2.174759;9.11145
a;29430458187033;-2.9072723;-2.1472626;9.190872
a;29430478328634;-2.9489136;-2.066574;9.199097
a;29430498470236;-2.8722534;-1.9194794;9.34317
a;29430518611837;-2.723755;-1.8284454;9.341431
a;29430538753439;-2.709076;-1.7509308;9.290482
a;29430558895040;-2.8454742;-1.8723297;9.219101
a;29430579036642;-3.0184784;-1.8401031;9.233719
a;29430599178244;-3.029663;-1.5736542;9.266266
a;29430619319845;-3.0231934;-1.4882965;9.40686
a;29430639461447;-3.16922;-1.405365;9.482941
a;29430659603048;-3.1047668;-1.2640076;9.519348
a;29430679744650;-2.926056;-1.1230011;9.6302185
a;29430699886251;-2.8132782;-1.0365295;9.634476
a;29430720027853;-2.86055;-1.0866852;9.633499
a;29430740169454;-2.8349304;-1.0759888;9.651291
a;29430760311056;-2.7504272;-0.99497986;9.577057
a;29430780452658;-2.6492462;-0.9999695;9.451126
a;29430800594259;-2.707962;-1.1090393;9.402634
a;29430820735861;-2.729782;-1.320221;9.37413
a;29430840877462;-2.8451538;-1.4629822;9.385681
a;29430861019064;-2.9754944;-1.5011597;9.393753
a;29430881160665;-2.9017944;-1.4717255;9.439102
a;29430901302267;-2.8371124;-1.4878998;9.381973
a;29430921443869;-2.6842499;-1.5284882;9.458588
a;29430941585470;-2.5227509;-1.4584656;9.486008
a;29430961727072;-2.3872375;-1.4079285;9.5798645
a;29430981868673;-2.3400726;-1.2988892;9.58519
a;29431002010275;-2.3556213;-1.2333374;9.579605
a;29431022151876;-2.4991302;-1.2272034;9.465881
a;29431042293478;-2.6467285;-1.1395416;9.336243
a;29431062435079;-2.8853912;-0.94477844;9.1683655
a;29431082576681;-3.2048492;-0.8165283;9.038559
a;29431102718283;-3.4645996;-0.5926361;9.221725
a;29431122859884;-3.6497345;-0.551239;9.203812
a;29431143001486;-3.7541656;-0.8480377;9.12822
a;29431163143087;-3.846344;-1.1426086;9.070068
a;29431183284689;-3.9114227;-1.22052;9.076202
a;29431203426290;-3.6229553;-1.163269;9.157776
a;29431223567892;-3.3227234;-1.1034241;9.362915
a;29431243709494;-3.0954742;-1.1246338;9.552002
a;29431263851095;-2.9334106;-1.1013489;9.673065
a;29431283992697;-2.8307343;-1.0553436;9.737076
a;29431304134298;-2.7686462;-1.0623169;9.867493
a;29431324275900;-2.86026;-1.1062927;9.867325
a;29431344417501;-2.8766022;-1.1679688;9.850449
a;29431364559103;-2.878418;-1.1833801;9.735489
a;29431384700704;-2.8478394;-1.2021637;9.555817
a;29431404842306;-2.774826;-1.2208252;9.44902
a;29431424983908;-2.7033997;-1.2657166;9.236328
a;29431445125509;-2.8052826;-1.216568;9.202652
a;29431465267111;-3.068512;-1.2861481;9.206528
a;29431485408712;-3.1374512;-1.0051727;9.237228
a;29431505550314;-3.2833405;-0.8483734;9.389145
a;29431525691915;-3.6421814;-0.9238434;9.341217
a;29431545833517;-3.8736877;-1.089859;9.184341
a;29431565975119;-3.8424835;-1.2142029;9.161133
a;29431586116720;-3.7097168;-1.155365;9.211533
a;29431606258322;-3.6387482;-1.0177002;9.31044
a;29431626399923;-3.5547028;-0.92884827;9.430771
a;29431646541525;-3.409317;-0.93992615;9.5499115
a;29431666683126;-3.3519592;-0.957489;9.496887
a;29431686824728;-3.2993622;-0.9811859;9.4800415
a;29431706966329;-3.2039795;-0.9975128;9.447968
a;29431727107931;-3.1183777;-0.9471283;9.364258
a;29431747249533;-3.154419;-1.1587219;9.185181
a;29431767391134;-3.2391815;-1.3992615;8.978989
a;29431787532736;-3.2125092;-1.4545288;9.00676
a;29431807674337;-3.1990204;-1.3071747;9.201889
a;29431827815939;-3.3542938;-1.2332306;9.425156
a;29431847957540;-3.5870056;-1.2495728;9.489838
a;29431868099142;-3.7046204;-1.3197632;9.563553
a;29431888240744;-3.81102;-1.2728271;9.50061
a;29431908382345;-3.7465057;-1.1981659;9.52359
a;29431928523947;-3.704605;-1.1468048;9.633148
a;29431948665548;-3.7035675;-1.3637848;9.527618
a;29431968807150;-3.6367035;-1.4902649;9.3867035
a;29431988948751;-3.4296417;-1.419754;9.375504
a;29432009090353;-3.1413574;-1.2549896;9.453812
a;29432029231954;-3.0467224;-1.2554779;9.450562
a;29432049373556;-3.1161346;-1.3574219;9.430679
a;29432069515158;-3.1877441;-1.392273;9.391205
a;29432089656759;-3.1749725;-1.3852386;9.301529
a;29432109798361;-3.2499542;-1.3315277;9.347992
a;29432129939962;-3.4700928;-1.5130005;9.337982
a;29432150081564;-3.7093353;-1.6459198;9.339844
a;29432170223165;-3.6460114;-1.6405029;9.332565
a;29432190364767;-3.495926;-1.6078644;9.246826
a;29432210506369;-3.201416;-1.5473022;9.276093
a;29432230647970;-2.9553986;-1.4807739;9.300812
a;29432250789572;-2.8920288;-1.5436249;9.374619
a;29432270931173;-3.0214386;-1.7373352;9.453552
a;29432291072775;-3.115265;-1.790863;9.517563
a;29432311214376;-3.1779327;-1.7648468;9.547119
a;29432331355978;-3.3034973;-1.635376;9.587387
a;29432351497579;-3.4168243;-1.6130676;9.432907
a;29432371639181;-3.4002838;-1.5639801;9.285645
a;29432391780783;-3.3566742;-1.4703522;9.318298
a;29432411922384;-3.3026733;-1.3182831;9.240555
a;29432432063986;-3.2420502;-1.2447205;9.288712
a;29432452205587;-3.230835;-1.3127441;9.32933
a;29432472347189;-3.3893127;-1.5072327;9.250015
a;29432492488790;-3.345459;-1.6186066;9.349564
a;29432512630392;-3.0937958;-1.6593933;9.346512
a;29432532771994;-2.8171234;-1.5626373;9.351135
a;29432552913595;-2.64328;-1.4422913;9.406845
a;29432573055197;-2.6512146;-1.411438;9.429642
a;29432593196798;-2.5926208;-1.4560089;9.454483
a;29432613338400;-2.7090912;-1.3927612;9.719009
a;29432633480001;-3.0126495;-1.2993164;9.850784
a;29432653621603;-3.2409973;-1.5274506;9.637985
a;29432673763204;-3.4707336;-1.5119934;9.469849
a;29432693904806;-3.6369324;-1.6058502;9.50528
a;29432714046408;-3.6985016;-1.4774475;9.497528
a;29432734188009;-3.5807037;-1.3757782;9.462921
a;29432754329611;-3.3933105;-1.3131409;9.480392
a;29432774471212;-3.281952;-1.2742004;9.296692
a;29432794612814;-3.2047882;-0.8816376;9.293503
a;29432814754415;-3.0773163;-0.76568604;9.333008
a;29432834896017;-3.0195618;-0.6152344;9.441986
a;29432855037619;-3.0328064;-0.57969666;9.442993
a;29432875179220;-2.919693;-0.5510254;9.40213
a;29432895320822;-2.666275;-0.5938873;9.627228
a;29432915462423;-2.7631683;-0.9072418;9.708252
a;29432935604025;-3.2438354;-1.101944;9.835831
a;29432955745626;-3.318451;-1.2116394;9.900986
a;29432975887228;-3.2335358;-1.2046509;9.712585
a;29432996028829;-3.2816467;-0.6561432;10.103546
a;29433016170431;-2.7087555;-0.77734375;9.513611
a;29433036312033;-2.7589111;-0.020355225;8.541855
a;29433056453634;-2.6557312;1.6635284;9.079468
a;29433076595236;-2.5181122;1.9324799;9.112198
a;29433096736837;-2.681427;1.4762268;9.088562
a;29433116878439;-2.718872;1.4214325;9.230515
a;29433137020040;-2.599228;1.0691986;9.352081
a;29433157161642;-2.6683502;0.4042511;9.479782
a;29433177303244;-2.7308197;0.37078857;9.644379
a;29433197444845;-2.5470886;0.3824005;9.651855
a;29433217586447;-2.5666199;0.55892944;9.495377
a;29433237728048;-2.4836273;0.68507385;9.529022
a;29433257869650;-2.3984528;0.6565857;9.387711
a;29433278011251;-2.202896;0.50079346;9.357086
a;29433298152853;-2.2147217;0.5644226;9.478409
a;29433318294454;-2.3880157;0.54260254;9.511093
a;29433338436056;-2.4007416;0.46644592;9.461258
a;29433358577658;-2.2827148;0.31095886;9.354233
a;29433378719259;-2.397995;0.2866974;9.380692
a;29433398860861;-2.546692;0.2415924;9.471359
a;29433419002462;-2.7516327;0.1217041;9.587372
a;29433439144064;-2.7245178;0.00831604;9.748871
a;29433459285665;-2.5774384;-0.035583496;9.7444
a;29433479427267;-2.6259155;0.12863159;9.586792
a;29433499568869;-2.6221466;0.2824707;9.642609
a;29433519710470;-2.5819092;0.16320801;9.443848
a;29433539852072;-2.4900665;0.25350952;9.327805
a;29433559993673;-2.3655853;0.4356537;9.573151
a;29433580135275;-2.3925781;0.303833;9.752472
a;29433600276876;-2.4402313;0.37997437;9.741867
a;29433620418478;-2.3834534;0.34751892;9.611191
a;29433640560079;-2.401062;0.20793152;9.585587
a;29433660701681;-2.577591;0.35217285;9.770538
a;29433680843283;-2.8014984;0.15707397;9.891037
a;29433700984884;-2.7481232;0.13560486;9.606827
a;29433721126486;-2.5282135;0.2949829;9.554398
a;29433741268087;-2.1982422;0.17529297;9.420258
a;29433761409689;-2.1416473;0.00869751;9.29834
a;29433781551290;-2.0551453;-0.24446106;9.220688
a;29433801692892;-2.003662;0.06845093;9.4223175
a;29433821834494;-2.029251;0.36019897;9.778366
a;29433841976095;-2.254181;0.47239685;9.79689
a;29433862117697;-2.592163;0.61468506;9.849106
a;29433882259298;-2.6829376;0.37236023;9.576248
a;29433902400900;-2.8282318;0.3090973;9.557434
a;29433922542501;-2.9068298;0.29408264;9.363205
a;29433942684103;-2.7903595;0.6394806;9.220001
a;29433962825704;-2.6569214;0.75753784;9.0673065
a;29433982967306;-2.8025208;0.41290283;9.281067
a;29434003108908;-3.0334015;0.14875793;9.704544
a;29434023250509;-2.9461517;-0.27322388;9.870453
a;29434043392111;-2.8413544;-0.50497437;9.858124
a;29434063533712;-2.6557465;-0.5066681;9.843704
a;29434083675314;-2.5229492;-0.21520996;9.904999
a;29434103816915;-2.4885864;-0.097229004;9.826309
a;29434123958517;-2.5319824;-0.096572876;9.582672
a;29434144100119;-2.5844269;0.0040283203;9.447678
a;29434164241720;-2.635315;0.08758545;9.4614105
a;29434184383322;-2.626892;0.20565796;9.557373
a;29434204524923;-2.6059418;0.20426941;9.510605
a;29434224666525;-2.648819;0.14993286;9.4335785
a;29434244808126;-2.6428528;0.14465332;9.365265
a;29434264949728;-2.6332397;0.15078735;9.48378
a;29434285091329;-2.6537018;0.2361908;9.560806
a;29434305232931;-2.6730652;0.25222778;9.551514
a;29434325374533;-2.7141418;0.16159058;9.486908
a;29434345516134;-2.7012177;0.10444641;9.561539
a;29434365657736;-2.726242;0.10823059;9.639893
a;29434385799337;-2.746109;0.08869934;9.609665
a;29434405940939;-2.7390594;0.12295532;9.655823
a;29434426082540;-2.8153992;0.104385376;9.593231
a;29434446224142;-2.8491516;0.08190918;9.577911
a;29434466365744;-2.8037872;0.10093689;9.572952
a;29434486507345;-2.8092346;0.10017395;9.599838
a;29434506648947;-2.8056946;0.049057007;9.569504
a;29434526790548;-2.788025;0.005874634;9.544617
a;29434546932150;-2.76297;0.02027893;9.465958
a;29434567073751;-2.7575836;0.034713745;9.444733
a;29434587215353;-2.7469482;0.08123779;9.455872
a;29434607356954;-2.6715088;0.07575989;9.46582
a;29434627498556;-2.7076874;0.0146484375;9.506836
a;29434647640158;-2.7145233;0.0051727295;9.524399
a;29434667781759;-2.7267761;0.0024414063;9.516556
a;29434687923361;-2.7209625;0.072631836;9.559357
a;29434708064962;-2.7545624;0.07518005;9.581406
a;29434728206564;-2.8441315;0.092437744;9.581482
a;29434748348165;-2.744995;0.10877991;9.601074
a;29434768489767;-2.7975464;0.10656738;9.525848
a;29434788631369;-2.8509216;0.11567688;9.601196
a;29434808772970;-2.7721863;0.15229797;9.489288
a;29434828914572;-2.7039948;0.08178711;9.498596
a;29434849056173;-2.6941833;0.07713318;9.420685
a;29434869197775;-2.7531128;0.09718323;9.465485
a;29434889339376;-2.7595062;0.027938843;9.435547
a;29434909480978;-2.7979736;0.035217285;9.427017
a;29434929622579;-2.771637;0.04421997;9.396515
a;29434949764181;-2.7830353;0.025253296;9.512955
a;29434969905783;-2.840088;0.038116455;9.486435
a;29434990047384;-2.8908997;0.015716553;9.504166
a;29435010188986;-2.8728638;-0.009185791;9.484268
a;29435030330587;-2.9072418;-0.01335144;9.540344
a;29435050472189;-2.9063568;0.07518005;9.589661
a;29435070613790;-2.7899628;0.09881592;9.518051
a;29435090755392;-2.8194427;0.10649109;9.561584
a;29435110896994;-2.868637;0.11276245;9.6203
a;29435131038595;-2.8831482;0.11756897;9.581589
a;29435151180197;-2.8594818;0.10421753;9.593491
a;29435171321798;-2.8977814;0.11663818;9.606125
a;29435191463400;-2.9595642;0.11767578;9.59993
a;29435211605001;-2.921692;0.14170837;9.545975
a;29435231746603;-2.8585815;0.10697937;9.481522
a;29435251888204;-2.9129028;0.08583069;9.445526
a;29435272029806;-2.9141998;0.06452942;9.429291
a;29435292171408;-2.8364258;0.10696411;9.412659
a;29435312313009;-2.9155579;0.039413452;9.397858
a;29435332454611;-2.908142;-0.008850098;9.448669
a;29435352596212;-2.8860931;0.034851074;9.502762
a;29435372737814;-2.9223938;0.070739746;9.454041
a;29435392879415;-2.9255219;0.06613159;9.408813
a;29435413021017;-2.886078;0.102264404;9.505859
a;29435433162619;-2.9354706;0.1116333;9.521561
a;29435453304220;-2.9573364;0.05532837;9.485062
a;29435473445822;-2.91745;0.05545044;9.48288
a;29435493587423;-2.9268646;0.052322388;9.469635
a;29435513729025;-2.9898682;0.09182739;9.438202
a;29435533870626;-2.9933777;0.1434784;9.474274
a;29435554012228;-2.911621;0.15574646;9.470154
a;29435574153829;-2.9515076;0.15911865;9.494827
a;29435594295431;-2.9835815;0.13757324;9.516495
a;29435614437033;-2.9830322;0.09361267;9.500412
a;29435634578634;-2.9868622;0.0773468;9.467819
a;29435654720236;-2.9981842;0.053756714;9.485153
a;29435674861837;-2.979721;0.090026855;9.55307
a;29435695003439;-2.9986572;0.07484436;9.5383
a;29435715145040;-3.004776;0.085250854;9.545502
a;29435735286642;-3.001114;0.043701172;9.569107
a;29435755428244;-2.9770355;0.038146973;9.499405
a;29435775569845;-2.936554;0.06265259;9.487244
a;29435795711447;-2.920929;0.099823;9.479111
a;29435815853048;-2.9352264;0.17471313;9.463852
a;29435835994650;-2.9125671;0.09133911;9.435104
a;29435856136251;-2.8756409;0.048706055;9.393814
a;29435876277853;-2.9110413;0.044067383;9.421555
a;29435896419454;-2.948822;0.045043945;9.468414
a;29435916561056;-2.979065;0.06373596;9.447754
a;29435936702658;-2.8950195;0.08657837;9.4513855
a;29435956844259;-2.9255066;0.09751892;9.486603
a;29435976985861;-2.9884338;0.09107971;9.49469
a;29435997127462;-2.961853;0.064834595;9.439331
a;29436017269064;-2.919632;0.09739685;9.435913
a;29436037410665;-2.869629;0.07839966;9.489975
a;29436057552267;-2.9668274;0.07170105;9.482681
a;29436077693869;-2.9972382;0.03489685;9.506638
a;29436097835470;-2.978012;0.030227661;9.511856
a;29436117977072;-3.008728;0.10498047;9.44249
a;29436138118673;-2.9716797;0.13925171;9.497482
a;29436158260275;-3.0087585;0.11373901;9.456512
a;29436178401876;-2.9792328;0.10949707;9.472183
a;29436198543478;-2.9498596;0.08746338;9.49617
a;29436218685079;-2.9833984;0.11050415;9.509888
a;29436238826681;-2.95253;0.11631775;9.490265
a;29436258968283;-2.9503937;0.19007874;9.480911
a;29436279109884;-2.9004517;0.09765625;9.455124
a;29436299251486;-2.892807;0.087387085;9.463974
a;29436319393087;-2.9715576;0.12736511;9.449844
a;29436339534689;-3.0130005;0.17800903;9.385483
a;29436359676290;-2.9859009;0.16099548;9.443222
a;29436379817892;-3.0203552;0.06529236;9.407974
a;29436399959494;-2.9685822;0.044525146;9.482574
a;29436420101095;-2.9777374;0.075531006;9.52597
a;29436440242697;-2.967987;0.060806274;9.472809
a;29436460384298;-2.9709778;0.13172913;9.530777
a;29436480525900;-2.938614;0.077682495;9.47644
a;29436500667501;-2.896988;0.083724976;9.4782715
a;29436520809103;-2.9435883;0.099121094;9.506866
a;29436540950704;-2.9561462;0.11102295;9.452026
a;29436561092306;-2.9438782;0.08618164;9.422501
a;29436581233908;-2.8978424;0.114608765;9.440735
a;29436601375509;-2.9086304;0.117996216;9.48262
a;29436621517111;-2.9414368;0.10142517;9.474304
a;29436641658712;-2.9545135;0.08605957;9.455841
a;29436661800314;-2.9485168;0.11769104;9.499451
a;29436681941915;-2.9465027;0.11027527;9.5147705
a;29436702083517;-2.9325562;0.17770386;9.492752
a;29436722225119;-2.9404602;0.17404175;9.454605
a;29436742366720;-2.9118347;0.18702698;9.475174
a;29436762508322;-2.9170532;0.1656189;9.501495
a;29436782649923;-2.9345703;0.13208008;9.528534
a;29436802809555;-2.9607544;0.11198425;9.573944
a;29436822951156;-2.9564514;0.114852905;9.499039
a;29436843092758;-2.9214935;0.09379578;9.447433
a;29436863234359;-2.882553;0.13084412;9.417511
a;29436883375961;-2.946762;0.11784363;9.4904785
a;29436903517563;-2.9320831;0.13586426;9.507324
a;29436923659164;-2.8672333;0.18548584;9.540298
a;29436943800766;-2.9468079;0.18945313;9.466156
a;29436963942367;-2.9200592;0.19779968;9.408829
a;29436984083969;-2.8888092;0.19165039;9.4496155
a;29437004225570;-2.9808044;0.17442322;9.439636
a;29437024367172;-2.9700775;0.13821411;9.505859
a;29437044508774;-2.9620667;0.15846252;9.517548
a;29437064650375;-2.9649048;0.21859741;9.372818
a;29437084791977;-2.8904724;0.22679138;9.418732
a;29437104933578;-2.9199219;0.20573425;9.421799
a;29437125075180;-2.9658203;0.14736938;9.472244
a;29437145216781;-2.9378662;0.100372314;9.559967
a;29437165358383;-2.901764;0.101257324;9.573685
a;29437185499984;-2.909134;0.16436768;9.508316
a;29437205641586;-2.7678986;-0.5089264;6.975708
