a;96966613519;0.0037841797;-0.5954895;9.990067
a;96986755121;0.043304443;-0.63235474;9.854446
a;97006896723;0.05659485;-0.6329651;9.847458
a;97027038324;0.049850464;-0.57484436;9.994995
a;97047179926;0.04937744;-0.5614319;9.996323
a;97067321527;-0.02104187;-0.54571533;9.958191
a;97087463129;-9.1552734E-4;-0.6056366;9.893173
a;97107604730;0.043945313;-0.6155548;9.893463
a;97127746332;0.11303711;-0.5971222;10.034363
a;97147887933;0.047470093;-0.6444397;9.927368
a;97168029535;-0.002456665;-0.5826111;9.941956
a;97188171137;0.032485962;-0.5553131;9.866867
a;97208312738;-0.010757446;-0.544754;10.027557
a;97228454340;0.045639038;-0.6142273;9.927383
a;97248595941;0.059951782;-0.60665894;9.950211
a;97268737543;0.06666565;-0.6023102;9.969162
a;97288879144;0.008255005;-0.60884094;9.878891
a;97309020746;-0.020507813;-0.5743866;9.9470825
a;97329162348;0.0039978027;-0.56707764;9.888626
a;97349303949;0.037200928;-0.59381104;9.990311
a;97369445551;0.08079529;-0.6000061;9.954117
a;97389587152;0.036621094;-0.609848;9.92981
a;97409728754;0.011947632;-0.56925964;9.912537
a;97429870355;0.019821167;-0.6075134;9.926758
a;97450011957;0.019805908;-0.57658386;9.976013
a;97470153558;0.04801941;-0.579895;9.915878
a;97490295160;0.04345703;-0.61553955;9.941315
a;97510436762;0.06387329;-0.56629944;9.98024
a;97530578363;0.06562805;-0.61198425;9.950531
a;97550719965;0.045562744;-0.5686493;9.997604
a;97570861566;0.02796936;-0.59869385;9.953033
a;97591003168;0.0050811768;-0.5766449;9.962784
a;97611144769;0.04055786;-0.6177063;9.941711
a;97631286371;0.041809082;-0.5997162;9.94397
a;97651427973;0.03477478;-0.5747223;9.904297
a;97671569574;0.033981323;-0.59469604;9.899673
a;97691711176;0.011154175;-0.5590973;9.972153
a;97711852777;0.050079346;-0.60549927;9.892395
a;97731994379;0.03175354;-0.59036255;9.941269
a;97752135980;0.029953003;-0.59173584;9.940445
a;97772277582;0.038513184;-0.62194824;9.901398
a;97792419183;0.02558899;-0.5754242;10.000168
a;97812560785;0.052383423;-0.6031189;9.896957
a;97832702387;0.020706177;-0.6058655;9.969971
a;97852843988;0.025985718;-0.5972595;9.928864
a;97872985590;0.039398193;-0.6085968;9.952591
a;97893127191;0.06832886;-0.5901184;9.942017
a;97913268793;0.03353882;-0.5913696;9.951248
a;97933410394;0.045181274;-0.5821533;9.987793
a;97953551996;0.044418335;-0.6227417;9.920151
a;97973693598;0.015090942;-0.5941162;9.9639435
a;97993835199;0.032302856;-0.5896454;9.909866
a;98013976801;0.07026672;-0.6048126;9.924149
a;98034118402;0.038742065;-0.58987427;9.962891
a;98054260004;0.040664673;-0.61128235;9.905746
a;98074401605;0.029678345;-0.56214905;9.991486
a;98094543207;0.07394409;-0.6019745;9.95311
a;98114684808;0.038116455;-0.5921173;9.952118
a;98134826410;0.03263855;-0.5797272;9.98262
a;98154968012;0.06645203;-0.6249542;9.967102
a;98175109613;0.04219055;-0.55693054;10.01561
a;98195251215;0.01449585;-0.627121;9.904236
a;98215392816;0.023742676;-0.57518005;9.946472
a;98235534418;0.045913696;-0.59762573;9.875839
a;98255676019;0.036315918;-0.5854645;9.933197
a;98275817621;0.032577515;-0.5695648;9.964615
a;98295959223;0.061035156;-0.61354065;9.895462
a;98316100824;0.023239136;-0.5858154;9.976303
a;98336242426;0.061523438;-0.59446716;9.919327
a;98356384027;0.036636353;-0.5837555;9.966187
a;98376525629;0.024047852;-0.5900116;9.981247
a;98396667230;0.026153564;-0.61206055;9.978394
a;98416808832;0.048568726;-0.595871;9.930054
a;98436950433;0.025299072;-0.60668945;9.864136
a;98457092035;0.009140015;-0.59106445;9.988449
a;98477233637;0.033981323;-0.61972046;9.899582
a;98497375238;0.03703308;-0.60188293;9.993561
a;98517516840;0.028503418;-0.56455994;9.95018
a;98537658441;0.035583496;-0.6157074;9.933121
a;98557800043;0.013122559;-0.59687805;9.983276
a;98577941644;0.07501221;-0.5927582;9.94342
a;98598083246;0.017501831;-0.59147644;9.962387
a;98618224848;0.012680054;-0.6064606;9.9631195
a;98638366449;0.021652222;-0.59329224;9.919159
a;98658508051;0.03755188;-0.5564728;9.933975
a;98678649652;0.039108276;-0.6142273;9.941879
a;98698791254;0.033065796;-0.56658936;9.97139
a;98718932855;0.040100098;-0.6021576;9.885193
a;98739074457;0.027786255;-0.6199646;9.91478
a;98759216058;0.021942139;-0.56074524;9.935776
a;98779357660;0.018737793;-0.6020813;9.925125
a;98799499262;0.014282227;-0.58229065;9.976944
a;98819640863;0.03479004;-0.5968628;9.926834
a;98839782465;0.029464722;-0.59169006;9.948334
a;98859924066;0.06138611;-0.5904083;9.912582
a;98880065668;0.029449463;-0.6012268;9.8849945
a;98900207269;0.021377563;-0.5845947;9.968292
a;98920348871;0.019088745;-0.61650085;9.940979
a;98940490473;0.041244507;-0.56999207;9.9809265
a;98960632074;0.020629883;-0.6014099;9.963196
a;98980773676;0.022567749;-0.6025543;9.956482
a;99000915277;0.04525757;-0.58943176;9.923965
a;99021056879;0.04550171;-0.5921936;9.910217
a;99041198480;0.014450073;-0.5538025;9.998215
a;99061340082;0.015258789;-0.58613586;9.897537
a;99081481683;0.028533936;-0.556839;9.929367
a;99101623285;0.062347412;-0.606781;9.921539
a;99121764887;0.073410034;-0.60343933;9.998535
a;99141906488;0.03883362;-0.5960846;9.973724
a;99162048090;0.046173096;-0.6015167;9.916107
a;99182189691;0.013717651;-0.572876;9.997711
a;99202331293;0.05458069;-0.6238861;9.9045105
a;99222472894;0.03366089;-0.61782837;9.96463
a;99242614496;0.060928345;-0.60795593;9.886871
a;99262756098;0.06072998;-0.61235046;9.99968
a;99282897699;0.045700073;-0.58032227;10.005142
a;99303039301;0.012390137;-0.64105225;9.923416
a;99323180902;0.024978638;-0.5647125;9.952393
a;99343322504;0.0345459;-0.6024933;9.93158
a;99363464105;0.04537964;-0.6010895;9.9999695
