a;84802578316589;0.05229187;-0.3497162;9.784744
a;84802598458191;0.107162476;-0.3761444;9.670456
a;84802618599793;0.060134888;-0.31924438;9.442184
a;84802638741394;-0.013671875;-0.2715912;9.515961
a;84802658882996;0.021377563;-0.37571716;9.725174
a;84802679024597;0.029968262;-0.3988037;9.73822
a;84802699166199;-0.020721436;-0.40441895;9.762482
a;84802719307800;0.032058716;-0.3501587;9.722855
a;84802739449402;0.13397217;-0.33842468;9.729843
a;84802759591004;0.1455841;-0.36169434;9.716339
a;84802779732605;0.020446777;-0.36105347;9.7196045
a;84802799874207;-0.031448364;-0.32452393;9.795013
a;84802820015808;0.036880493;-0.3231964;9.762909
a;84802840157410;0.11375427;-0.35601807;9.790146
a;84802860299011;0.06161499;-0.36367798;9.766998
a;84802880440613;0.013290405;-0.3252716;9.773788
a;84802900582214;0.02418518;-0.32460022;9.78154
a;84802920723816;0.04232788;-0.37882996;9.743179
a;84802940865418;0.09812927;-0.36868286;9.775467
a;84802961007019;0.03404236;-0.33944702;9.737396
a;84802981148621;0.03918457;-0.35310364;9.762344
a;84803001290222;0.04525757;-0.3701477;9.724686
a;84803021431824;0.11328125;-0.37068176;9.780365
a;84803041573425;0.04689026;-0.34220886;9.755203
a;84803061715027;0.017425537;-0.33876038;9.757095
a;84803081856629;0.026947021;-0.35461426;9.699722
a;84803101998230;0.06549072;-0.3595276;9.757736
a;84803122139832;0.10258484;-0.33885193;9.791229
a;84803142281433;0.062332153;-0.3576355;9.746185
a;84803162423035;0.033187866;-0.33598328;9.765778
a;84803182564636;0.063705444;-0.36543274;9.795517
a;84803202706238;0.04447937;-0.3658142;9.759216
a;84803222847839;0.0234375;-0.36854553;9.764587
a;84803242989441;0.06549072;-0.3428955;9.69429
a;84803263131043;0.097351074;-0.36024475;9.7478485
a;84803283272644;0.07885742;-0.35142517;9.7690735
a;84803303414246;0.021148682;-0.371521;9.746323
a;84803323555847;0.050872803;-0.34613037;9.797913
a;84803343697449;0.056152344;-0.35061646;9.787659
a;84803363839050;0.039215088;-0.33514404;9.736404
a;84803383980652;0.040603638;-0.3473816;9.770752
a;84803404122254;0.056106567;-0.35784912;9.737595
a;84803424263855;0.07293701;-0.36497498;9.749786
a;84803444405457;0.07435608;-0.38208008;9.7655945
a;84803464547058;0.05290222;-0.3544159;9.761978
a;84803484688660;0.03479004;-0.3649292;9.795517
a;84803504830261;0.05581665;-0.3794403;9.772934
a;84803524971863;0.07359314;-0.32557678;9.748322
a;84803545113464;0.06704712;-0.35404968;9.768631
a;84803565255066;0.046966553;-0.35525513;9.785934
a;84803585396668;0.05821228;-0.37190247;9.773178
a;84803605538269;0.08166504;-0.37077332;9.773148
a;84803625679871;0.06777954;-0.35092163;9.788727
a;84803645821472;0.021347046;-0.3664093;9.755554
a;84803665963074;0.047698975;-0.35494995;9.794205
a;84803686104675;0.069747925;-0.3515625;9.727646
a;84803706246277;0.07299805;-0.338089;9.750427
a;84803726387879;0.042099;-0.359375;9.738281
a;84803746529480;0.052871704;-0.34677124;9.72345
a;84803766671082;0.04585266;-0.34849548;9.710785
a;84803786812683;0.07725525;-0.37657166;9.715225
a;84803806954285;0.081604004;-0.33503723;9.754089
a;84803827095886;0.06994629;-0.33457947;9.691925
a;84803847237488;0.04586792;-0.35351563;9.748825
a;84803867379089;0.06932068;-0.37826538;9.772095
a;84803887520691;0.0790863;-0.38516235;9.763763
a;84803907662293;0.07559204;-0.33869934;9.794327
a;84803927803894;0.05142212;-0.35536194;9.746414
a;84803947945496;0.06768799;-0.37864685;9.735107
a;84803968087097;0.051208496;-0.33805847;9.784744
a;84803988228699;0.06362915;-0.35310364;9.752274
a;84804008370300;0.05441284;-0.37904358;9.756973
a;84804028511902;0.066604614;-0.3512268;9.734802
a;84804048653504;0.06687927;-0.341568;9.72522
a;84804068795105;0.060302734;-0.3587799;9.75882
a;84804088936707;0.06411743;-0.35717773;9.772003
a;84804109078308;0.085494995;-0.33598328;9.724411
a;84804129219910;0.078567505;-0.32817078;9.751236
a;84804149361511;0.10395813;-0.35144043;9.70636
a;84804169503113;0.084228516;-0.36180115;9.725357
a;84804189644714;0.05644226;-0.356781;9.787888
a;84804209786316;0.07997131;-0.3592987;9.755508
a;84804229927918;0.055725098;-0.3444214;9.751617
a;84804250069519;0.05961609;-0.34814453;9.7543335
a;84804270211121;0.07183838;-0.32885742;9.751572
a;84804290352722;0.0634613;-0.36643982;9.746323
a;84804310494324;0.046035767;-0.37205505;9.770294
a;84804330635925;0.061264038;-0.36175537;9.764236
a;84804350777527;0.054504395;-0.36662292;9.7229
a;84804370919129;0.046295166;-0.3666687;9.763199
a;84804391060730;0.018875122;-0.3547821;9.785645
a;84804411202332;0.06790161;-0.35162354;9.784302
a;84804431343933;0.06034851;-0.35437012;9.717026
a;84804451485535;0.03845215;-0.34703064;9.756989
a;84804471627136;0.04222107;-0.3424225;9.7447815
a;84804491768738;0.054122925;-0.3522339;9.775177
a;84804511910339;0.06303406;-0.37321472;9.780319
a;84804532051941;0.08506775;-0.35794067;9.752701
a;84804552193543;0.06021118;-0.3561554;9.710388
a;84804572335144;0.047927856;-0.34684753;9.740356
a;84804592476746;0.07684326;-0.3355713;9.7469635
a;84804612618347;0.07485962;-0.36116028;9.735794
a;84804632759949;0.07014465;-0.34399414;9.756393
a;84804652901550;0.05656433;-0.37060547;9.761246
a;84804673043152;0.0488739;-0.34973145;9.736053
a;84804693184754;0.06011963;-0.3256073;9.767441
a;84804713326355;0.035354614;-0.3642578;9.75972
a;84804733467957;0.042495728;-0.37973022;9.755936
a;84804753609558;0.05937195;-0.3561554;9.743698
a;84804773751160;0.05206299;-0.3590393;9.756973
a;84804793892761;0.053222656;-0.35350037;9.781769
a;84804814034363;0.075042725;-0.3383484;9.749649
a;84804834175964;0.05807495;-0.3247528;9.75116
a;84804854317566;0.052841187;-0.34654236;9.796539
a;84804874459168;0.070510864;-0.35990906;9.751846
a;84804894600769;0.05291748;-0.36557007;9.809296
a;84804914742371;0.055633545;-0.37780762;9.757996
a;84804934883972;0.06137085;-0.38861084;9.790146
a;84804955025574;0.07594299;-0.3617401;9.720413
a;84804975167175;0.038146973;-0.34588623;9.746262
a;84804995308777;0.07307434;-0.37382507;9.745621
a;84805015450379;0.045806885;-0.32641602;9.776474
a;84805035591980;0.04043579;-0.35165405;9.741028
a;84805055733582;0.040496826;-0.33486938;9.7530365
a;84805075875183;0.06399536;-0.3496399;9.746475
a;84805096016785;0.04689026;-0.35661316;9.725922
a;84805116158386;0.043533325;-0.36360168;9.758011
a;84805136299988;0.09906006;-0.3321991;10.068756
a;84805156441589;0.09379578;-1.1525116;8.864197
a;84805176583191;-0.054489136;-0.22947693;9.639557
