a;84942960236241;0.03263855;-0.5075226;9.982727
a;84942980377842;0.050247192;-0.51348877;10.00148
a;84943000519444;-0.02998352;-0.52511597;9.97464
a;84943020645512;-0.062438965;-0.529129;9.990952
a;84943040787114;0.026931763;-0.4877777;9.977341
a;84943060928715;0.105911255;-0.4747467;10.008484
a;84943081070317;0.0138549805;-0.4837494;9.992645
a;84943101211919;-0.07165527;-0.45585632;9.950912
a;84943121353520;0.0116119385;-0.48838806;9.9711
a;84943141495122;0.043777466;-0.48973083;9.980957
a;84943161636723;0.074798584;-0.5375519;9.969162
a;84943181778325;-0.012374878;-0.48239136;9.9982605
a;84943201919926;-0.045288086;-0.485672;9.948563
a;84943222061528;0.053710938;-0.517807;9.973389
a;84943242203129;0.028533936;-0.51478577;9.977249
a;84943262344731;-0.0413208;-0.49987793;9.962433
a;84943282486333;-0.050369263;-0.48361206;10.007751
a;84943302627934;0.013244629;-0.51116943;9.987335
a;84943322769536;0.04220581;-0.50364685;10.009399
a;84943342911137;0.02053833;-0.49920654;9.942688
a;84943363052739;-0.0024261475;-0.5161133;9.948242
a;84943383194340;0.010238647;-0.48251343;9.963715
a;84943403335942;0.029266357;-0.5043335;9.970306
a;84943423477544;0.02192688;-0.49693298;9.981369
a;84943443619145;-1.8310547E-4;-0.5013733;9.988495
a;84943463760747;0.008300781;-0.49505615;10.004044
a;84943483902348;0.02583313;-0.4981842;9.953217
a;84943504043950;0.01171875;-0.49884033;9.957993
a;84943524185551;-0.0031433105;-0.5053711;9.979736
a;84943544327153;0.028320313;-0.4994049;9.960449
a;84943564468754;0.016937256;-0.47450256;10.039841
a;84943584610356;0.04647827;-0.47019958;9.9470215
a;84943604751958;0.03807068;-0.48355103;9.961746
a;84943624893559;-0.002029419;-0.49725342;9.92363
a;84943645035161;-0.07118225;-0.5040436;9.986664
a;84943665176762;-0.05342102;-0.4925232;9.997238
a;84943685318364;0.04397583;-0.4993744;9.968124
a;84943705459965;0.08627319;-0.4908905;9.971588
a;84943725601567;0.03930664;-0.5066681;9.97995
a;84943745743169;-0.026535034;-0.52767944;9.956863
a;84943765884770;0.008575439;-0.5018463;9.970306
a;84943786026372;0.022979736;-0.48258972;9.977341
a;84943806167973;-0.036254883;-0.49090576;9.957031
a;84943826309575;-0.03604126;-0.47270203;9.998077
a;84943846451176;0.0140686035;-0.47631836;9.952774
a;84943866592778;0.025726318;-0.5102997;9.975876
a;84943886734379;0.006439209;-0.5144348;9.951187
a;84943906875981;0.042175293;-0.47003174;9.983734
a;84943927017583;0.040298462;-0.4769745;9.967773
a;84943947159184;0.0045318604;-0.50379944;9.990494
a;84943967300786;0.015731812;-0.49954224;9.941788
a;84943987442387;-0.02734375;-0.5081482;9.978577
a;84944007583989;0.0025787354;-0.49751282;9.9964905
a;84944027725590;-0.008987427;-0.5141449;10.015991
a;84944047867192;-0.004058838;-0.5260315;9.99942
a;84944068008794;0.013763428;-0.5005951;9.994751
a;84944088150395;-0.021148682;-0.46557617;9.971588
a;84944108291997;-0.020599365;-0.46565247;9.98555
a;84944128433598;-0.0259552;-0.49424744;9.972427
a;84944148575200;-0.005569458;-0.49990845;9.993408
a;84944168716801;0.021057129;-0.49291992;10.031937
a;84944188858403;0.008728027;-0.51530457;9.977371
a;84944209000004;0.013809204;-0.47418213;10.013702
a;84944229141606;0.022705078;-0.49794006;9.933975
a;84944249283208;0.03756714;-0.48544312;9.958771
a;84944269424809;0.0036773682;-0.47685242;10.013046
a;84944289566411;-0.012283325;-0.49604797;9.963928
a;84944309708012;-0.0048980713;-0.4762268;9.998062
a;84944329849614;0.015594482;-0.52471924;10.004623
a;84944349991215;0.029968262;-0.514801;9.967834
a;84944370132817;-0.007675171;-0.52705383;9.930801
a;84944390274419;0.010009766;-0.49017334;9.954971
a;84944410416020;0.00869751;-0.5106964;10.001846
a;84944430557622;0.0022735596;-0.48443604;9.979324
a;84944450699223;-0.02519226;-0.48150635;9.9848175
a;84944470840825;0.017486572;-0.4859619;9.945877
a;84944490982426;0.018569946;-0.4999237;9.953217
a;84944511124028;0.011062622;-0.4990387;9.989502
a;84944531265629;-0.0073394775;-0.49972534;10.009476
a;84944551407231;0.01322937;-0.50582886;9.960068
a;84944571548833;0.0113220215;-0.51304626;9.960602
a;84944591690434;0.021865845;-0.51057434;9.985443
a;84944611832036;0.016967773;-0.49230957;9.995728
a;84944631973637;0.0027008057;-0.5303345;10.0234375
a;84944652115239;-0.0032348633;-0.5095825;9.991913
a;84944672256840;0.009521484;-0.4634552;9.969742
a;84944692398442;8.087158E-4;-0.4897461;10.014694
a;84944712540044;0.035064697;-0.5019531;9.968674
a;84944732681645;0.002090454;-0.48353577;9.962326
a;84944752823247;0.0014953613;-0.50187683;9.963593
a;84944772964848;-0.008087158;-0.49876404;9.97551
a;84944793106450;0.004501343;-0.52516174;10.013763
a;84944813248051;0.030914307;-0.50549316;9.984421
a;84944833389653;0.006958008;-0.51361084;9.954193
a;84944853531254;0.0027618408;-0.51194763;9.940521
a;84944873672856;0.01763916;-0.49406433;9.95192
a;84944893814458;0.011016846;-0.49572754;9.957123
a;84944913956059;0.028320313;-0.4792633;9.966995
a;84944934097661;-0.015594482;-0.48927307;9.977264
a;84944954239262;-0.0069885254;-0.48599243;9.986908
a;84944974380864;-0.002960205;-0.50341797;9.981995
a;84944994522465;0.023086548;-0.51000977;9.959015
a;84945014664067;-0.0020446777;-0.5114136;9.967209
a;84945034805669;0.010482788;-0.49517822;9.986969
a;84945054947270;0.021148682;-0.5002289;9.955856
a;84945075088872;0.005218506;-0.49972534;9.954361
a;84945095230473;-5.340576E-4;-0.50549316;9.994522
a;84945115372075;0.018554688;-0.5219574;9.9739685
a;84945135513676;0.031448364;-0.5491791;9.981873
a;84945155655278;0.03779602;-0.5458832;9.994888
a;84945175796879;0.07148743;-0.48901367;9.962891
a;84945195938481;0.13293457;-0.43190002;9.999573
a;84945216080083;0.10609436;-0.4797058;9.964737
a;84945236221684;-0.05809021;-0.52438354;9.958527
a;84945256363286;-0.1013031;-0.44573975;9.954041
a;84945276504887;-0.077682495;-0.41194153;10.015625
a;84945296646489;-0.1638031;-0.43333435;9.920349
a;84945316788090;-0.14454651;-0.43295288;9.948898
a;84945336929692;-0.032043457;-0.43197632;10.128754
a;84945357071294;0.38284302;-0.75050354;11.839325
