a;84957462161004;0.02130127;-0.47106934;9.950027
a;84957482302605;0.024902344;-0.542099;9.699295
a;84957502444207;0.05508423;-0.46385193;9.0664215
a;84957522585808;0.02279663;-0.55685425;9.882904
a;84957542727410;-0.008956909;-0.47805786;9.939957
a;84957562869011;0.028579712;-0.48442078;9.975739
a;84957583010613;0.0067596436;-0.5217285;9.990829
a;84957603152215;-0.037368774;-0.500473;9.994034
a;84957623293816;-0.0055389404;-0.46595764;9.964935
a;84957643435418;0.10424805;-0.45057678;10.001404
a;84957663577019;0.05810547;-0.48060608;9.96228
a;84957683718621;-0.06034851;-0.48512268;9.979828
a;84957703860222;-0.044006348;-0.44703674;10.005844
a;84957724001824;0.0423584;-0.47828674;9.9835205
a;84957744143425;0.08428955;-0.5235596;9.943054
a;84957764285027;0.0284729;-0.5048981;9.955521
a;84957784426629;-0.04989624;-0.45741272;10.006561
a;84957804568230;-0.01889038;-0.48820496;9.972946
a;84957824709832;0.056762695;-0.5109253;9.99408
a;84957844851433;0.046524048;-0.49650574;9.987106
a;84957864993035;-0.017929077;-0.47125244;9.912735
a;84957885134636;-0.019119263;-0.5016937;9.97847
a;84957905276238;0.029296875;-0.50413513;10.006485
a;84957925417840;0.03277588;-0.49617004;10.005264
a;84957945559441;-0.02015686;-0.46209717;9.967316
a;84957965701043;0.0029754639;-0.48953247;9.977768
a;84957985842644;-0.015792847;-0.47888184;9.957474
a;84958005984246;0.02784729;-0.4811554;10.021881
a;84958026125847;0.023284912;-0.48814392;9.978699
a;84958046267449;0.007461548;-0.47628784;10.011063
a;84958066409050;0.002960205;-0.480896;9.954666
a;84958086550652;0.05065918;-0.46032715;10.013031
a;84958106692254;0.0028686523;-0.49894714;9.984772
a;84958126833855;-0.020980835;-0.498703;10.024216
a;84958146975457;0.022583008;-0.48095703;9.9552765
a;84958167117058;0.027679443;-0.5093231;9.960342
a;84958187258660;-0.028686523;-0.4537506;9.990021
a;84958207400261;0.010864258;-0.47406006;9.958908
a;84958227541863;0.033691406;-0.48243713;9.983871
a;84958247683465;-0.006072998;-0.467865;9.982819
a;84958267825066;0.0234375;-0.47955322;9.966461
a;84958287966668;-0.019165039;-0.47724915;9.974869
a;84958308108269;0.043914795;-0.4936676;9.953537
a;84958328249871;0.007797241;-0.49620056;10.005753
a;84958348391472;-0.04322815;-0.4766388;9.997925
a;84958368533074;0.009063721;-0.47477722;9.974533
a;84958388674675;0.022766113;-0.47473145;9.987625
a;84958408816277;0.026184082;-0.481781;9.972214
a;84958428957879;0.034866333;-0.47956848;10.008575
a;84958449099480;0.022384644;-0.49064636;9.944031
a;84958469241082;0.020080566;-0.5016632;9.955505
a;84958489382683;2.593994E-4;-0.5047455;9.988876
a;84958509524285;0.005706787;-0.500885;9.958786
a;84958529665886;0.0158844;-0.4811554;9.993393
a;84958549807488;-0.020477295;-0.47880554;10.009338
a;84958569949090;0.027435303;-0.47175598;9.989639
a;84958590090691;0.03593445;-0.4782257;9.996246
a;84958610232293;-0.014892578;-0.4862213;9.966003
a;84958630373894;-0.017166138;-0.46876526;10.002579
a;84958650515496;-0.0077667236;-0.47808838;9.947464
a;84958670657097;-0.0011138916;-0.48506165;9.938477
a;84958690798699;0.00793457;-0.4928589;9.977493
a;84958710940300;0.021072388;-0.46965027;9.963028
a;84958731081902;0.010910034;-0.4862671;9.990768
a;84958751223504;-0.0231781;-0.48007202;9.9991455
a;84958771365105;0.021499634;-0.4948883;9.984039
a;84958791506707;0.028396606;-0.49116516;9.942749
a;84958811648308;-0.0050354004;-0.47695923;9.963608
a;84958831789910;0.0158844;-0.46723938;9.951401
a;84958851931511;0.025100708;-0.4877472;9.968262
a;84958872073113;0.0096588135;-0.45991516;9.968872
a;84958892214715;0.016052246;-0.46287537;9.993378
a;84958912356316;0.005493164;-0.47927856;9.989578
a;84958932497918;0.017028809;-0.4670105;9.974731
a;84958952639519;-0.011138916;-0.48757935;9.970642
a;84958972781121;0.0032806396;-0.4801941;9.981903
a;84958992922722;0.020690918;-0.49578857;10.016983
a;84959013064324;0.027053833;-0.49668884;9.985016
a;84959033205925;0.029586792;-0.49298096;9.97702
a;84959053347527;0.005264282;-0.46998596;9.986267
a;84959073489129;0.0034179688;-0.48139954;9.9908905
a;84959093630730;-0.0065612793;-0.49214172;9.973801
a;84959113772332;7.019043E-4;-0.48051453;9.981232
a;84959133913933;0.02545166;-0.4872284;9.968002
a;84959154055535;0.010696411;-0.48406982;10.003815
a;84959174197136;0.015136719;-0.4836731;9.97258
a;84959194338738;-0.0028076172;-0.46704102;9.9743805
a;84959214480340;0.013336182;-0.47470093;9.9487
a;84959234621941;0.03543091;-0.47579956;10.010971
a;84959254763543;0.023910522;-0.47943115;9.938919
a;84959274905144;-0.0184021;-0.47351074;9.998718
a;84959295046746;-0.0036773682;-0.49021912;9.988358
a;84959315188347;0.03164673;-0.48747253;9.976883
a;84959335329949;0.011428833;-0.48506165;9.962357
a;84959355471550;0.021499634;-0.47207642;10.008347
a;84959375613152;-0.0043182373;-0.44978333;9.980255
a;84959395754754;-0.004180908;-0.48606873;9.963913
a;84959415896355;0.017944336;-0.49673462;9.94931
a;84959436037957;0.032211304;-0.50090027;9.987961
a;84959456179558;-0.008682251;-0.48358154;9.976746
a;84959476321160;-3.2043457E-4;-0.4992981;10.024109
a;84959496462761;-4.119873E-4;-0.4967804;9.980743
a;84959516604363;0.023422241;-0.49960327;9.97937
a;84959536745965;0.021102905;-0.4753723;9.963394
a;84959556887566;-0.0018157959;-0.46899414;9.983871
a;84959577029168;0.008483887;-0.47024536;10.031769
a;84959597170769;0.008850098;-0.48712158;9.943619
a;84959617312371;-0.0075531006;-0.49397278;9.950241
a;84959637453972;-0.036468506;-0.46647644;10.016037
a;84959657595574;-0.005874634;-0.49031067;9.958145
a;84959677737175;0.009002686;-0.4914856;9.980743
a;84959697878777;0.011962891;-0.48565674;9.984543
a;84959718020379;0.0178833;-0.4962616;9.991592
a;84959738161980;0.015457153;-0.49424744;10.000305
a;84959758303582;-0.004699707;-0.45619202;9.9626465
a;84959778445183;-0.029693604;-0.49842834;9.965927
a;84959798586785;-0.007537842;-0.49079895;9.97081
a;84959818728386;0.02722168;-0.4838562;9.955063
a;84959838869988;0.035446167;-0.48532104;9.994202
a;84959859011590;0.010101318;-0.50694275;9.97316
a;84959879153191;0.012496948;-0.49697876;9.980148
a;84959899294793;-0.006866455;-0.47679138;9.987076
a;84959919436394;0.013092041;-0.4811859;10.012131
a;84959939577996;0.003326416;-0.49131775;9.970367
a;84959959719597;0.018920898;-0.48408508;10.010712
a;84959979861199;0.0021514893;-0.47505188;9.976212
a;84960000002800;-0.01473999;-0.48605347;9.959488
a;84960020144402;0.024032593;-0.5297699;9.589355
a;84960040286004;0.1750946;-0.91134644;9.350372
a;84960060427605;0.020858765;-0.5192261;9.556854
