a;84928337416724;0.03302002;-0.50497437;9.995819
a;84928357558326;0.039245605;-0.47454834;9.938416
a;84928377699927;0.03517151;-0.49882507;9.984787
a;84928397841529;0.021270752;-0.4992981;9.973129
a;84928417983130;-0.025482178;-0.49064636;9.968399
a;84928438124732;-0.043502808;-0.49424744;9.989914
a;84928458266334;-0.019515991;-0.46574402;10.035141
a;84928478407935;-0.007507324;-0.47627258;9.936996
a;84928498549537;0.033432007;-0.45272827;9.940781
a;84928518691138;0.04978943;-0.45776367;9.991837
a;84928538832740;0.030319214;-0.49775696;10.025497
a;84928558974341;0.03501892;-0.52182007;9.970184
a;84928579115943;0.01725769;-0.5174713;9.999542
a;84928599257545;-9.3078613E-4;-0.5159302;9.978073
a;84928619399146;-0.005722046;-0.48443604;9.989243
a;84928639540748;-0.03807068;-0.4512329;9.998032
a;84928659682349;0.0034484863;-0.5044708;10.039368
a;84928679823951;0.09126282;-0.480011;10.029083
a;84928699965552;-0.049346924;-0.529068;9.99733
a;84928720107154;-4.5776367E-5;-0.55963135;9.924362
a;84928740248755;0.043167114;-0.5543976;10.0629425
a;84928760390357;-0.005126953;-0.48573303;9.986435
a;84928780531959;-0.063568115;-0.46562195;10.012665
a;84928800673560;-0.022003174;-0.46047974;9.932831
a;84928820815162;0.11038208;-0.5028534;9.2799225
a;84928840956763;0.0499115;-0.51205444;9.990784
a;84928861098365;-0.010406494;-0.55218506;9.9344635
a;84928881239966;0.019226074;-0.5275879;9.981918
a;84928901381568;0.016677856;-0.51712036;9.949463
a;84928921523170;-0.03149414;-0.5189514;10.007004
a;84928941664771;-0.046035767;-0.47486877;9.948303
a;84928961806373;-0.01826477;-0.4889679;9.969696
a;84928981947974;-0.0015411377;-0.4694214;9.983963
a;84929002089576;-0.010925293;-0.5035858;9.996262
a;84929022231177;-0.044281006;-0.51226807;9.971832
a;84929042372779;0.0066986084;-0.4899292;9.99614
a;84929062514380;0.025634766;-0.5000763;9.969818
a;84929082655982;0.03404236;-0.47991943;10.01741
a;84929102797584;0.02571106;-0.4953003;9.9431
a;84929122939185;0.014968872;-0.50198364;9.941986
a;84929143080787;0.001663208;-0.5093994;9.97139
a;84929163222388;-0.0023651123;-0.48664856;9.981125
a;84929183363990;2.1362305E-4;-0.533905;9.97908
a;84929203505591;-0.0074920654;-0.5162811;9.956787
a;84929223647193;0.0032806396;-0.4840088;9.954529
a;84929243788795;-0.0022735596;-0.4684906;9.966675
a;84929263930396;0.0013122559;-0.46429443;9.938934
a;84929284071998;0.016174316;-0.4992981;9.91658
a;84929304213599;0.028381348;-0.5167999;9.985718
a;84929324355201;0.030197144;-0.50779724;9.968445
a;84929344496802;0.036590576;-0.4968872;9.971954
a;84929364638404;-0.01234436;-0.489151;9.951782
a;84929384780005;-0.0036315918;-0.49287415;9.95636
a;84929404921607;-0.017669678;-0.4936676;9.954941
a;84929425063209;0.021270752;-0.5070801;9.962128
a;84929445204810;0.03492737;-0.49552917;9.939285
a;84929465346412;0.056732178;-0.49702454;9.927048
a;84929485488013;0.024887085;-0.51979065;9.969009
a;84929505629615;0.022628784;-0.48587036;9.986633
a;84929525771216;-0.010940552;-0.4970703;9.966568
a;84929545912818;-0.011627197;-0.48228455;9.985413
a;84929566054420;0.023773193;-0.48098755;10.002426
a;84929586196021;0.020446777;-0.483078;9.985916
a;84929606337623;0.007537842;-0.50086975;10.003433
a;84929626479224;-0.0022888184;-0.5051117;9.9760895
a;84929646620826;-0.027694702;-0.48309326;9.9904785
a;84929666762427;-0.006942749;-0.47302246;9.966782
a;84929686904029;-0.028823853;-0.44503784;9.972565
a;84929707045630;-0.05303955;-0.46089172;10.004303
a;84929727187232;-0.044692993;-0.48602295;10.04393
a;84929747328834;0.011947632;-0.47930908;9.971344
a;84929767470435;0.0061035156;-0.54981995;9.989105
a;84929787612037;0.024368286;-0.53926086;9.98407
a;84929807753638;0.1179657;-0.5355835;9.939682
a;84929827895240;0.11279297;-0.46939087;9.942261
a;84929848036841;-0.020721436;-0.4915161;9.952545
a;84929868178443;-0.0655365;-0.488266;9.983475
a;84929888320045;0.02684021;-0.5102234;9.970947
a;84929908461646;0.026306152;-0.51246643;9.944595
a;84929928603248;0.0044403076;-0.4927063;9.966873
a;84929948744849;-0.013656616;-0.49069214;9.980148
a;84929968886451;-0.023513794;-0.49092102;9.972092
a;84929989028052;0.012908936;-0.5418854;9.905777
a;84930009169654;0.050323486;-0.479187;9.998032
a;84930029311255;0.021530151;-0.4577484;9.906174
a;84930049452857;-0.010284424;-0.51878357;9.99942
a;84930069594459;-0.0028533936;-0.515152;9.955627
a;84930089736060;-0.006362915;-0.5119934;10.01973
a;84930109877662;-0.010787964;-0.49719238;9.955673
a;84930130019263;-2.2888184E-4;-0.48573303;9.931976
a;84930150160865;0.031661987;-0.500885;10.029648
a;84930170302466;0.008895874;-0.50154114;9.968292
a;84930190444068;-0.013580322;-0.52890015;10.011932
a;84930210585670;-0.04058838;-0.4981537;9.93042
a;84930230727271;-0.017974854;-0.4721527;10.007263
a;84930250868873;0.004180908;-0.4747162;9.957016
a;84930271010474;-0.018371582;-0.4760437;9.984741
a;84930291152076;0.04071045;-0.52711487;9.971924
a;84930311293677;0.0017852783;-0.5180664;9.937439
a;84930331435279;-0.0028533936;-0.44189453;9.966278
a;84930351576880;0.057174683;-0.49258423;9.993423
a;84930371718482;0.03768921;-0.4824524;9.96489
a;84930391860084;0.027755737;-0.4978943;9.968033
a;84930412001685;-0.054122925;-0.48291016;9.962357
a;84930432143287;-0.050216675;-0.5143585;9.959457
a;84930452284888;-0.043060303;-0.51075745;9.957062
a;84930472426490;-0.00680542;-0.50894165;9.928055
a;84930492568091;0.057022095;-0.4756317;9.974609
a;84930512709693;0.04095459;-0.5092163;9.952881
a;84930532851295;-0.018508911;-0.5085144;9.938965
a;84930552992896;-0.058273315;-0.47184753;9.935822
a;84930573134498;-0.058166504;-0.47399902;9.945145
a;84930593276099;-0.019729614;-0.49557495;9.928757
a;84930613417701;0.016326904;-0.49319458;9.981506
a;84930633559302;0.03565979;-0.48480225;9.948105
a;84930653700904;0.06384277;-0.49398804;9.994797
a;84930673842505;-0.00440979;-0.49954224;9.96933
a;84930693984107;-0.011550903;-0.49461365;9.922516
a;84930714125709;-0.016204834;-0.5124359;9.967758
a;84930734267310;0.016113281;-0.486969;9.963913
a;84930754408912;0.0073547363;-0.50419617;9.952179
a;84930774550513;-0.004470825;-0.5189667;9.9535675
a;84930794692115;0.015777588;-0.478302;9.918106
a;84930814833716;0.056350708;-0.490448;9.963226
a;84930834975318;0.01071167;-0.4885559;9.955185
a;84930855116920;-0.01322937;-0.5044403;9.956543
a;84930875258521;-0.03666687;-0.4877472;9.982742
a;84930895400123;-0.055892944;-0.4752655;9.969101
a;84930915541724;0.025115967;-0.48312378;10.010895
a;84930935683326;0.07699585;-0.50387573;10.008087
